 #reliability_COV = [[0.20, 0.25, 0.25, 0.25, 0.25, 0.25, 0.25, 0.25, 0.25, 0.25, 0.25, 0.25, 0.25, 0.25, 0.25, 0.25, 0.25],
                       #[0.25, 0.20, 0.25, 0.25, 0.25, 0.25, 0.25, 0.25, 0.25, 0.25, 0.25, 0.25, 0.25, 0.25, 0.25, 0.25, 0.25],
                       #[0.25, 0.25, 0.20, 0.25, 0.25, 0.25, 0.25, 0.25, 0.25, 0.25, 0.25, 0.25, 0.25, 0.25, 0.25, 0.25, 0.25],
                       #[0.25, 0.25, 0.25, 0.20, 0.25, 0.25, 0.25, 0.25, 0.25, 0.25, 0.25, 0.25, 0.25, 0.25, 0.25, 0.25, 0.25],
                       #[0.25, 0.25, 0.25, 0.25, 0.20, 0.25, 0.25, 0.25, 0.25, 0.25, 0.25, 0.25, 0.25, 0.25, 0.25, 0.25, 0.25],
                       #[0.25, 0.25, 0.25, 0.25, 0.25, 0.20, 0.25, 0.25, 0.25, 0.25, 0.25, 0.25, 0.25, 0.25, 0.25, 0.25, 0.25],
                       #[0.25, 0.25, 0.25, 0.25, 0.25, 0.25, 0.20, 0.25, 0.25, 0.25, 0.25, 0.25, 0.25, 0.25, 0.25, 0.25, 0.25],
                       #[0.25, 0.25, 0.25, 0.25, 0.25, 0.25, 0.25, 0.20, 0.25, 0.25, 0.25, 0.25, 0.25, 0.25, 0.25, 0.25, 0.25],
                       #[0.25, 0.25, 0.25, 0.25, 0.25, 0.25, 0.25, 0.25, 0.20, 0.25, 0.25, 0.25, 0.25, 0.25, 0.25, 0.25, 0.25],
                       #[0.25, 0.25, 0.25, 0.25, 0.25, 0.25, 0.25, 0.25, 0.25, 0.20, 0.25, 0.25, 0.25, 0.25, 0.25, 0.25, 0.25],
                       #[0.25, 0.25, 0.25, 0.25, 0.25, 0.25, 0.25, 0.25, 0.25, 0.25, 0.20, 0.25, 0.25, 0.25, 0.25, 0.25, 0.25],
                       #[0.25, 0.25, 0.25, 0.25, 0.25, 0.25, 0.25, 0.25, 0.25, 0.25, 0.25, 0.20, 0.25, 0.25, 0.25, 0.25, 0.25],
                       #[0.25, 0.25, 0.25, 0.25, 0.25, 0.25, 0.25, 0.25, 0.25, 0.25, 0.25, 0.25, 0.20, 0.25, 0.25, 0.25, 0.25],
                       #[0.25, 0.25, 0.25, 0.25, 0.25, 0.25, 0.25, 0.25, 0.25, 0.25, 0.25, 0.25, 0.25, 0.20, 0.25, 0.25, 0.25],
                       #[0.25, 0.25, 0.25, 0.25, 0.25, 0.25, 0.25, 0.25, 0.25, 0.25, 0.25, 0.25, 0.25, 0.25, 0.20, 0.25, 0.25],
                       #[0.25, 0.25, 0.25, 0.25, 0.25, 0.25, 0.25, 0.25, 0.25, 0.25, 0.25, 0.25, 0.25, 0.25, 0.25, 0.20, 0.25],
                       #[0.25, 0.25, 0.25, 0.25, 0.25, 0.25, 0.25, 0.25, 0.25, 0.25, 0.25, 0.25, 0.25, 0.25, 0.25, 0.25, 0.20]
                       #]
		       


reliability_COV = [[0.20, 0.25, 0.25, 0.25, 0.25, 0.25, 0.25, 0.25, 0.25, 0.25, 0.25, 0.25, 0.25, 0.25, 0.25, 0.25],
                       [0.25, 0.20, 0.25, 0.25, 0.25, 0.25, 0.25, 0.25, 0.25, 0.25, 0.25, 0.25, 0.25, 0.25, 0.25, 0.25],
                       [0.25, 0.25, 0.20, 0.25, 0.25, 0.25, 0.25, 0.25, 0.25, 0.25, 0.25, 0.25, 0.25, 0.25, 0.25, 0.25],
                       [0.25, 0.25, 0.25, 0.20, 0.25, 0.25, 0.25, 0.25, 0.25, 0.25, 0.25, 0.25, 0.25, 0.25, 0.25, 0.25],
                       [0.25, 0.25, 0.25, 0.25, 0.20, 0.25, 0.25, 0.25, 0.25, 0.25, 0.25, 0.25, 0.25, 0.25, 0.25, 0.25],
                       [0.25, 0.25, 0.25, 0.25, 0.25, 0.20, 0.25, 0.25, 0.25, 0.25, 0.25, 0.25, 0.25, 0.25, 0.25, 0.25],
                       [0.25, 0.25, 0.25, 0.25, 0.25, 0.25, 0.20, 0.25, 0.25, 0.25, 0.25, 0.25, 0.25, 0.25, 0.25, 0.25],
                       [0.25, 0.25, 0.25, 0.25, 0.25, 0.25, 0.25, 0.20, 0.25, 0.25, 0.25, 0.25, 0.25, 0.25, 0.25, 0.25],
                       [0.25, 0.25, 0.25, 0.25, 0.25, 0.25, 0.25, 0.25, 0.20, 0.25, 0.25, 0.25, 0.25, 0.25, 0.25, 0.25],
                       [0.25, 0.25, 0.25, 0.25, 0.25, 0.25, 0.25, 0.25, 0.25, 0.20, 0.25, 0.25, 0.25, 0.25, 0.25, 0.25],
                       [0.25, 0.25, 0.25, 0.25, 0.25, 0.25, 0.25, 0.25, 0.25, 0.25, 0.20, 0.25, 0.25, 0.25, 0.25, 0.25],
                       [0.25, 0.25, 0.25, 0.25, 0.25, 0.25, 0.25, 0.25, 0.25, 0.25, 0.25, 0.20, 0.25, 0.25, 0.25, 0.25],
                       [0.25, 0.25, 0.25, 0.25, 0.25, 0.25, 0.25, 0.25, 0.25, 0.25, 0.25, 0.25, 0.20, 0.25, 0.25, 0.25],
                       [0.25, 0.25, 0.25, 0.25, 0.25, 0.25, 0.25, 0.25, 0.25, 0.25, 0.25, 0.25, 0.25, 0.20, 0.25, 0.25],
                       [0.25, 0.25, 0.25, 0.25, 0.25, 0.25, 0.25, 0.25, 0.25, 0.25, 0.25, 0.25, 0.25, 0.25, 0.20, 0.25],
                       [0.25, 0.25, 0.25, 0.25, 0.25, 0.25, 0.25, 0.25, 0.25, 0.25, 0.25, 0.25, 0.25, 0.25, 0.25, 0.20]
                       ]