Sample ID 1
nodes pair: (20,25), Total independent paths 1 
 1,[20, 23, 25],120.735030771,0.389863378521,866.188568656
nodes pair: (6,28), Total independent paths 1 
 1,[6, 10, 13, 17, 19, 21, 26, 27, 28],442.393898857,0.0403589017944,415.510283711
nodes pair: (21,28), Total independent paths 1 
 1,[21, 26, 27, 28],183.952241865,0.242440058801,415.510283711
nodes pair: (17,20), Total independent paths 3 
 1,[17, 22, 20],115.826122805,0.55018120975,812.258249789
2,[17, 18, 20],135.935772475,0.530604250754,618.180060091
3,[17, 19, 22, 24, 23, 20],243.784041772,0.116660112097,1291.85502204
nodes pair: (7,25), Total independent paths 1 
 1,[7, 11, 6, 10, 13, 17, 22, 24, 23, 25],435.67453952,0.0319820418325,812.258249789
nodes pair: (18,19), Total independent paths 2 
 1,[18, 17, 19],118.707488789,0.485386925167,618.180060091
2,[18, 20, 22, 19],166.691983457,0.387343863817,806.185449836
nodes pair: (23,26), Total independent paths 1 
 1,[23, 24, 22, 19, 21, 26],252.077462941,0.10650743893,1233.76234733
nodes pair: (15,30), Total independent paths 1 
 1,[15, 16, 19, 22, 30],248.242249417,0.220527076609,719.300252492
nodes pair: (11,22), Total independent paths 2 
 1,[11, 6, 10, 13, 17, 22],254.655073003,0.214086788988,812.258249789
2,[11, 14, 10, 9, 12, 13, 16, 19, 22],479.206730412,0.0603100519857,346.470594342
nodes pair: (12,17), Total independent paths 2 
 1,[12, 13, 17],79.6232221476,0.488353555013,847.424298244
2,[12, 9, 10, 13, 16, 19, 17],341.550378813,0.118466384413,346.470594342
nodes pair: (1,28), Total independent paths 1 
 1,[1, 4, 9, 12, 13, 17, 19, 21, 26, 27, 28],575.872964944,0.0160282339386,415.510283711
nodes pair: (13,20), Total independent paths 2 
 1,[13, 17, 22, 20],155.255868513,0.41153622623,812.258249789
2,[13, 16, 19, 17, 18, 20],276.716592187,0.171095217941,618.180060091
nodes pair: (2,27), Total independent paths 1 
 1,[2, 5, 6, 10, 13, 17, 19, 21, 26, 27],486.919968772,0.0357443214479,415.510283711
nodes pair: (4,5), Total independent paths 2 
 1,[4, 9, 5],136.598971508,0.51380268805,308.998878036
2,[4, 1, 2, 5],158.569003264,0.321762036751,620.555674217
nodes pair: (5,24), Total independent paths 2 
 1,[5, 6, 10, 13, 17, 22, 24],302.605363583,0.119468714368,511.453369799
2,[5, 9, 12, 13, 16, 19, 22, 20, 23, 24],498.768698075,0.0446687351597,308.998878036
nodes pair: (6,23), Total independent paths 2 
 1,[6, 10, 13, 17, 22, 24, 23],290.561674638,0.103382933798,812.258249789
2,[6, 5, 9, 12, 13, 16, 19, 22, 20, 23],510.81238702,0.0516189294104,308.998878036
nodes pair: (7,22), Total independent paths 1 
 1,[7, 11, 6, 10, 13, 17, 22],307.452367062,0.147506409272,812.258249789
nodes pair: (8,12), Total independent paths 1 
 1,[8, 9, 12],109.748276123,0.557987054405,1479.27165138
nodes pair: (10,14), Total independent paths 2 
 1,[10, 14],45.470296457,0.693135352511,2767.02478282
2,[10, 6, 11, 14],159.053663628,0.403767686583,1901.85067472
nodes pair: (8,18), Total independent paths 1 
 1,[8, 9, 12, 13, 17, 18],267.537287456,0.208916893514,618.180060091
nodes pair: (11,15), Total independent paths 1 
 1,[11, 6, 10, 13, 16, 15],223.693555816,0.231199028767,719.300252492
nodes pair: (9,19), Total independent paths 2 
 1,[9, 12, 13, 17, 19],197.518822052,0.225620708,847.424298244
2,[9, 10, 13, 16, 19],223.654778908,0.256419193478,346.470594342
nodes pair: (1,21), Total independent paths 1 
 1,[1, 4, 9, 12, 13, 17, 19, 21],391.920723079,0.0661121516711,620.555674217
nodes pair: (2,18), Total independent paths 2 
 1,[2, 5, 6, 10, 13, 17, 18],341.223056451,0.170200736968,511.453369799
2,[2, 1, 4, 9, 12, 13, 16, 19, 22, 20, 18],541.106241936,0.0244894009334,620.555674217
nodes pair: (3,11), Total independent paths 1 
 1,[3, 5, 6, 11],150.95906855,0.397415971835,511.453369799
nodes pair: (1,15), Total independent paths 1 
 1,[1, 4, 9, 12, 13, 16, 15],323.164936445,0.117253923249,620.555674217
nodes pair: (4,12), Total independent paths 2 
 1,[4, 9, 12],143.951848952,0.476173222146,1177.38629457
2,[4, 1, 2, 5, 6, 10, 13, 12],353.850810977,0.0773688947997,511.453369799
nodes pair: (2,12), Total independent paths 2 
 1,[2, 5, 9, 12],215.89411344,0.463040642666,308.998878036
2,[2, 1, 4, 9, 10, 13, 12],320.236896872,0.0856390983918,346.470594342
nodes pair: (3,17), Total independent paths 1 
 1,[3, 5, 6, 10, 13, 17],259.793738329,0.196950090863,511.453369799
nodes pair: (6,14), Total independent paths 2 
 1,[6, 10, 14],102.115367189,0.492660507488,2082.90287181
2,[6, 11, 14],102.408592896,0.568070006666,1901.85067472
nodes pair: (7,15), Total independent paths 1 
 1,[7, 11, 6, 10, 13, 16, 15],276.490849876,0.15929679137,719.300252492
nodes pair: (20,21), Total independent paths 1 
 1,[20, 22, 19, 21],183.979602316,0.379216463372,1628.96546126
nodes pair: (16,29), Total independent paths 1 
 1,[16, 19, 22, 29],181.992800658,0.309877709922,643.776414954
nodes pair: (17,24), Total independent paths 2 
 1,[17, 22, 24],108.0872866,0.433662949437,812.258249789
2,[17, 18, 20, 23, 24],237.99495068,0.221632027712,618.180060091
nodes pair: (8,25), Total independent paths 1 
 1,[8, 9, 12, 13, 17, 22, 24, 23, 25],395.398703035,0.0416219921382,812.258249789
nodes pair: (9,20), Total independent paths 2 
 1,[9, 12, 13, 17, 22, 20],272.803245252,0.196070258209,812.258249789
2,[9, 10, 13, 16, 19, 17, 18, 20],400.132250988,0.0861378932381,346.470594342
nodes pair: (24,28), Total independent paths 1 
 1,[24, 22, 19, 21, 26, 27, 28],360.193007977,0.0724666407285,415.510283711
nodes pair: (14,19), Total independent paths 2 
 1,[14, 10, 13, 17, 19],172.209280567,0.239594676525,1842.60702309
2,[14, 11, 6, 5, 9, 12, 13, 16, 19],441.871834344,0.0770528539837,308.998878036
nodes pair: (10,19), Total independent paths 2 
 1,[10, 13, 17, 19],126.73898411,0.345667950217,1842.60702309
2,[10, 9, 12, 13, 16, 19],294.43461685,0.167367208737,346.470594342
nodes pair: (11,26), Total independent paths 1 
 1,[11, 6, 10, 13, 17, 19, 21, 26],328.65400648,0.0756145544168,1233.76234733
nodes pair: (26,30), Total independent paths 1 
 1,[26, 21, 19, 22, 30],250.838210955,0.186761318849,1233.76234733
nodes pair: (12,29), Total independent paths 1 
 1,[12, 13, 17, 22, 29],207.204063483,0.230824972745,643.776414954
nodes pair: (4,11), Total independent paths 1 
 1,[4, 9, 5, 6, 11],222.282378712,0.28561918432,308.998878036
nodes pair: (2,7), Total independent paths 1 
 1,[2, 5, 6, 11, 7],207.019891546,0.308643054163,511.453369799
nodes pair: (5,10), Total independent paths 3 
 1,[5, 6, 10],108.320792477,0.504563403497,511.453369799
2,[5, 9, 10],146.64914286,0.543094724332,308.998878036
3,[5, 2, 1, 4, 9, 12, 13, 10],389.481867452,0.0730155926397,620.555674217
nodes pair: (3,22), Total independent paths 1 
 1,[3, 5, 6, 10, 13, 17, 22],337.598770635,0.138747534882,511.453369799
nodes pair: (4,17), Total independent paths 2 
 1,[4, 9, 12, 13, 17],223.575071099,0.232540885837,847.424298244
2,[4, 1, 2, 5, 6, 10, 13, 16, 19, 17],454.438154249,0.0382121525504,511.453369799
nodes pair: (19,27), Total independent paths 1 
 1,[19, 21, 26, 27],183.321001902,0.254324215008,415.510283711
nodes pair: (5,20), Total independent paths 2 
 1,[5, 6, 10, 13, 17, 22, 20],310.344199787,0.151568036613,511.453369799
2,[5, 9, 12, 13, 16, 19, 17, 18, 20],464.264991782,0.064186624558,308.998878036
nodes pair: (20,28), Total independent paths 1 
 1,[20, 22, 19, 21, 26, 27, 28],367.931844181,0.0919372616782,415.510283711
nodes pair: (16,20), Total independent paths 2 
 1,[16, 19, 22, 20],170.238082126,0.360701254083,1628.96546126
2,[16, 13, 17, 18, 20],214.288556332,0.313661043775,618.180060091
nodes pair: (6,27), Total independent paths 1 
 1,[6, 10, 13, 17, 19, 21, 26, 27],366.705056744,0.0624851082901,415.510283711
nodes pair: (22,30), Total independent paths 1 
 1,[22, 30],68.6750351084,0.663087634612,1893.00657874
nodes pair: (18,22), Total independent paths 2 
 1,[18, 20, 22],95.7910737888,0.540495777865,806.185449836
2,[18, 17, 22],155.970821491,0.540112431093,618.180060091
nodes pair: (9,29), Total independent paths 1 
 1,[9, 12, 13, 17, 22, 29],284.557963784,0.168443557959,643.776414954
nodes pair: (14,26), Total independent paths 1 
 1,[14, 10, 13, 17, 19, 21, 26],283.471546746,0.0941648443109,1233.76234733
nodes pair: (10,26), Total independent paths 1 
 1,[10, 13, 17, 19, 21, 26],238.001250289,0.135853472153,1233.76234733
nodes pair: (15,19), Total independent paths 1 
 1,[15, 16, 19],108.66630464,0.464073336433,719.300252492
nodes pair: (11,19), Total independent paths 2 
 1,[11, 6, 10, 13, 17, 19],217.391740301,0.19239499453,1842.60702309
2,[11, 14, 10, 9, 12, 13, 16, 19],408.305820744,0.0841560471357,346.470594342
nodes pair: (12,20), Total independent paths 2 
 1,[12, 13, 17, 22, 20],195.449344952,0.268682949683,812.258249789
2,[12, 9, 10, 13, 16, 19, 17, 18, 20],477.486151288,0.0628587671408,346.470594342
nodes pair: (1,25), Total independent paths 1 
 1,[1, 4, 9, 12, 13, 17, 22, 24, 23, 25],482.348626089,0.0235410885939,620.555674217
nodes pair: (13,25), Total independent paths 1 
 1,[13, 17, 22, 24, 23, 25],245.456950473,0.114252760758,812.258249789
nodes pair: (2,30), Total independent paths 1 
 1,[2, 5, 6, 10, 13, 17, 22, 30],409.53733468,0.103701818687,511.453369799
nodes pair: (4,24), Total independent paths 2 
 1,[4, 9, 12, 13, 17, 22, 24],331.6623577,0.100844366417,812.258249789
2,[4, 1, 2, 5, 6, 10, 13, 16, 19, 22, 20, 23, 24],624.877633017,0.0141101407288,511.453369799
nodes pair: (5,29), Total independent paths 1 
 1,[5, 6, 10, 13, 17, 22, 29],322.098918319,0.130211790371,511.453369799
nodes pair: (20,27), Total independent paths 1 
 1,[20, 22, 19, 21, 26, 27],292.243002069,0.142340586499,415.510283711
nodes pair: (6,18), Total independent paths 2 
 1,[6, 10, 13, 17, 18],221.008144423,0.297530098479,618.180060091
2,[6, 5, 9, 12, 13, 16, 19, 22, 20, 18],506.155224904,0.0525392114175,308.998878036
nodes pair: (21,26), Total independent paths 1 
 1,[21, 26],36.2046640294,0.580050069238,1233.76234733
nodes pair: (7,27), Total independent paths 1 
 1,[7, 11, 6, 10, 13, 17, 19, 21, 26, 27],453.510036262,0.0337133962012,415.510283711
nodes pair: (14,29), Total independent paths 1 
 1,[14, 10, 13, 17, 22, 29],259.248422299,0.178876221689,643.776414954
nodes pair: (15,24), Total independent paths 1 
 1,[15, 16, 19, 22, 24],209.849468603,0.204726574617,719.300252492
nodes pair: (12,19), Total independent paths 2 
 1,[12, 13, 17, 19],120.164921752,0.30917711788,847.424298244
2,[12, 9, 10, 13, 16, 19],301.008679208,0.187120833438,346.470594342
nodes pair: (1,18), Total independent paths 2 
 1,[1, 4, 9, 12, 13, 17, 18],354.48721051,0.118161838161,618.180060091
2,[1, 2, 5, 6, 10, 13, 16, 19, 22, 20, 18],527.842087876,0.035274621245,511.453369799
nodes pair: (13,18), Total independent paths 2 
 1,[13, 17, 18],117.595534894,0.573478841997,618.180060091
2,[13, 16, 19, 22, 20, 18],266.931103564,0.197283532645,806.185449836
nodes pair: (2,25), Total independent paths 1 
 1,[2, 5, 6, 10, 13, 17, 22, 24, 23, 25],469.08447203,0.0339086687381,511.453369799
nodes pair: (3,4), Total independent paths 1 
 1,[3, 5, 9, 4],201.874632855,0.367325168576,308.998878036
nodes pair: (4,7), Total independent paths 1 
 1,[4, 9, 5, 6, 11, 7],275.079672771,0.196792434028,308.998878036
nodes pair: (5,6), Total independent paths 3 
 1,[5, 6],51.6757217448,0.709881809546,511.453369799
2,[5, 9, 10, 6],203.294213593,0.386015980189,308.998878036
3,[5, 2, 1, 4, 9, 12, 13, 10, 14, 11, 6],537.360756805,0.0287498461081,620.555674217
nodes pair: (6,21), Total independent paths 1 
 1,[6, 10, 13, 17, 19, 21],258.441656992,0.166469608999,1842.60702309
nodes pair: (7,16), Total independent paths 1 
 1,[7, 11, 6, 10, 13, 16],229.140627195,0.221221343545,1458.49347003
nodes pair: (16,24), Total independent paths 2 
 1,[16, 19, 22, 24],162.499245922,0.284311363127,1291.85502204
2,[16, 13, 17, 22, 20, 23, 24],296.238084866,0.135849300758,812.258249789
nodes pair: (8,14), Total independent paths 1 
 1,[8, 9, 10, 14],154.512792284,0.365546918854,346.470594342
nodes pair: (9,15), Total independent paths 1 
 1,[9, 12, 13, 16, 15],203.820637567,0.271126017009,719.300252492
nodes pair: (10,12), Total independent paths 2 
 1,[10, 13, 12],86.9610152358,0.476558086448,847.424298244
2,[10, 9, 12],154.002020304,0.503319991955,346.470594342
nodes pair: (8,20), Total independent paths 1 
 1,[8, 9, 12, 13, 17, 22, 20],305.197621075,0.149921607663,812.258249789
nodes pair: (9,17), Total independent paths 2 
 1,[9, 12, 13, 17],156.977122448,0.356373963223,847.424298244
2,[9, 10, 13, 16, 19, 17],264.196478512,0.16233924458,346.470594342
nodes pair: (10,22), Total independent paths 2 
 1,[10, 13, 17, 22],164.002316812,0.384640679965,812.258249789
2,[10, 9, 12, 13, 16, 19, 22],365.335526518,0.11994295601,346.470594342
nodes pair: (2,16), Total independent paths 2 
 1,[2, 5, 6, 10, 13, 16],262.550559705,0.234547915839,511.453369799
2,[2, 1, 4, 9, 12, 13, 17, 19, 16],415.462665644,0.0378851705931,620.555674217
nodes pair: (3,13), Total independent paths 1 
 1,[3, 5, 6, 10, 13],220.363992621,0.263301824591,511.453369799
nodes pair: (1,13), Total independent paths 2 
 1,[1, 4, 9, 12, 13],236.891675616,0.206043936599,620.555674217
2,[1, 2, 5, 6, 10, 13],260.910984312,0.178801650457,511.453369799
nodes pair: (4,14), Total independent paths 2 
 1,[4, 9, 10, 14],188.716365112,0.31194926983,346.470594342
2,[4, 1, 2, 5, 6, 11, 14],312.653317905,0.129754584029,511.453369799
nodes pair: (2,10), Total independent paths 2 
 1,[2, 5, 6, 10],176.85998276,0.406593311387,511.453369799
2,[2, 1, 4, 9, 10],233.275881636,0.179703378932,346.470594342
nodes pair: (5,15), Total independent paths 1 
 1,[5, 6, 10, 13, 16, 15],241.361592102,0.20958833047,511.453369799
nodes pair: (3,19), Total independent paths 1 
 1,[3, 5, 6, 10, 13, 17, 19],300.335437934,0.124689296994,511.453369799
nodes pair: (6,12), Total independent paths 2 
 1,[6, 10, 13, 12],143.606085968,0.338723667558,847.424298244
2,[6, 5, 9, 12],199.030644902,0.407906548344,308.998878036
nodes pair: (4,20), Total independent paths 2 
 1,[4, 9, 12, 13, 17, 22, 20],339.401193904,0.127939625886,812.258249789
2,[4, 1, 2, 5, 6, 10, 13, 16, 19, 17, 18, 20],590.373926725,0.0202755305737,511.453369799
nodes pair: (19,20), Total independent paths 3 
 1,[19, 22, 20],108.922000167,0.559681611499,1628.96546126
2,[19, 17, 18, 20],176.477472079,0.335926075071,618.180060091
3,[19, 16, 13, 17, 22, 24, 23, 20],349.815330622,0.069009771064,812.258249789
nodes pair: (7,9), Total independent paths 1 
 1,[7, 11, 6, 5, 9],208.48172412,0.301588683618,308.998878036
nodes pair: (20,23), Total independent paths 2 
 1,[20, 23],62.427145406,0.679956430032,1518.75269773
2,[20, 22, 24, 23],107.935377593,0.295325265114,1291.85502204
nodes pair: (21,22), Total independent paths 1 
 1,[21, 19, 22],145.958511817,0.485568516459,1628.96546126
nodes pair: (17,30), Total independent paths 1 
 1,[17, 22, 30],146.480067414,0.46713243091,812.258249789
nodes pair: (18,29), Total independent paths 1 
 1,[18, 20, 22, 29],145.566882819,0.362636617264,643.776414954
nodes pair: (8,27), Total independent paths 1 
 1,[8, 9, 12, 13, 17, 19, 21, 26, 27],413.234199777,0.0438752071861,415.510283711
nodes pair: (9,26), Total independent paths 1 
 1,[9, 12, 13, 17, 19, 21, 26],308.781088231,0.0886728334297,847.424298244
nodes pair: (24,30), Total independent paths 1 
 1,[24, 22, 30],98.957289403,0.408182290256,1291.85502204
nodes pair: (14,17), Total independent paths 2 
 1,[14, 10, 13, 17],131.667580963,0.378446221525,2767.02478282
2,[14, 11, 6, 5, 9, 12, 13, 16, 19, 17],482.413533948,0.0487822379391,308.998878036
nodes pair: (10,17), Total independent paths 2 
 1,[10, 13, 17],86.1972845057,0.545991803987,2868.9189223
2,[10, 9, 12, 13, 16, 19, 17],334.976316454,0.10596034511,346.470594342
nodes pair: (15,20), Total independent paths 1 
 1,[15, 16, 19, 22, 20],217.588304807,0.259733312789,719.300252492
nodes pair: (11,28), Total independent paths 1 
 1,[11, 6, 10, 13, 17, 19, 21, 26, 27, 28],476.401584315,0.0316041631425,415.510283711
nodes pair: (26,28), Total independent paths 1 
 1,[26, 27, 28],147.747577836,0.417964020105,415.510283711
nodes pair: (1,6), Total independent paths 2 
 1,[1, 2, 5, 6],157.498374783,0.34463391763,511.453369799
2,[1, 4, 9, 10, 6],252.637489613,0.212011030167,346.470594342
nodes pair: (13,30), Total independent paths 1 
 1,[13, 17, 22, 30],185.909813123,0.349415636812,812.258249789
nodes pair: (2,5), Total independent paths 2 
 1,[2, 5],68.539190283,0.805831950096,2179.79262745
2,[2, 1, 4, 9, 5],226.628784489,0.205157166299,308.998878036
nodes pair: (5,8), Total independent paths 1 
 1,[5, 9, 8],102.39539868,0.602081837274,308.998878036
nodes pair: (3,24), Total independent paths 1 
 1,[3, 5, 6, 10, 13, 17, 22, 24],367.88102493,0.0854099572957,511.453369799
nodes pair: (6,7), Total independent paths 1 
 1,[6, 11, 7],86.8049795181,0.539542894679,2003.78096509
nodes pair: (4,19), Total independent paths 2 
 1,[4, 9, 12, 13, 17, 19],264.116770704,0.147221864434,847.424298244
2,[4, 1, 2, 5, 6, 10, 13, 16, 19],413.896454645,0.060357120445,511.453369799
nodes pair: (19,29), Total independent paths 1 
 1,[19, 22, 29],120.676718698,0.480821328159,643.776414954
nodes pair: (5,18), Total independent paths 2 
 1,[5, 6, 10, 13, 17, 18],272.683866168,0.211211204703,511.453369799
2,[5, 9, 12, 13, 16, 19, 22, 20, 18],454.47950316,0.0740112096281,308.998878036
nodes pair: (20,30), Total independent paths 1 
 1,[20, 22, 30],106.696125607,0.517854307229,1893.00657874
nodes pair: (16,22), Total independent paths 2 
 1,[16, 19, 22],132.216991628,0.461860677863,1628.96546126
2,[16, 13, 17, 22],156.157816162,0.416446243313,812.258249789
nodes pair: (6,25), Total independent paths 1 
 1,[6, 10, 13, 17, 22, 24, 23, 25],348.869560002,0.0592761801664,812.258249789
nodes pair: (17,23), Total independent paths 2 
 1,[17, 22, 24, 23],147.7193194,0.266399269208,812.258249789
2,[17, 18, 20, 23],198.362917881,0.360787772103,618.180060091
nodes pair: (7,28), Total independent paths 1 
 1,[7, 11, 6, 10, 13, 17, 19, 21, 26, 27, 28],529.198878375,0.0217753587002,415.510283711
nodes pair: (22,28), Total independent paths 1 
 1,[22, 19, 21, 26, 27, 28],329.910753682,0.117721259682,415.510283711
nodes pair: (18,20), Total independent paths 2 
 1,[18, 20],57.7699832901,0.692078953209,806.185449836
2,[18, 17, 22, 20],193.99191199,0.421813851186,618.180060091
nodes pair: (23,25), Total independent paths 1 
 1,[23, 25],58.3078853646,0.573365235333,866.188568656
nodes pair: (14,24), Total independent paths 2 
 1,[14, 10, 13, 17, 22, 24],239.754867563,0.16411810463,812.258249789
2,[14, 11, 6, 5, 9, 12, 13, 16, 19, 22, 20, 23, 24],652.853012716,0.0180132286836,308.998878036
nodes pair: (10,24), Total independent paths 2 
 1,[10, 13, 17, 22, 24],194.284571106,0.236776416085,812.258249789
2,[10, 9, 12, 13, 16, 19, 22, 20, 23, 24],505.415795222,0.0391266987431,346.470594342
nodes pair: (15,29), Total independent paths 1 
 1,[15, 16, 19, 22, 29],229.343023338,0.223136357987,643.776414954
nodes pair: (11,21), Total independent paths 1 
 1,[11, 6, 10, 13, 17, 19, 21],292.44934245,0.13035866803,1842.60702309
nodes pair: (12,22), Total independent paths 2 
 1,[12, 13, 17, 22],157.428254453,0.344035646858,812.258249789
2,[12, 9, 10, 13, 16, 19, 22],371.909588876,0.134099302146,346.470594342
nodes pair: (13,23), Total independent paths 2 
 1,[13, 17, 22, 24, 23],187.149065109,0.199266983273,812.258249789
2,[13, 16, 19, 22, 20, 23],271.58826568,0.193827894837,1458.49347003
nodes pair: (2,28), Total independent paths 1 
 1,[2, 5, 6, 10, 13, 17, 19, 21, 26, 27, 28],562.608810884,0.0230871258529,415.510283711
nodes pair: (4,26), Total independent paths 1 
 1,[4, 9, 12, 13, 17, 19, 21, 26],375.379036883,0.0578607344065,847.424298244
nodes pair: (5,27), Total independent paths 1 
 1,[5, 6, 10, 13, 17, 19, 21, 26, 27],418.380778489,0.0443570417426,415.510283711
nodes pair: (6,16), Total independent paths 2 
 1,[6, 10, 13, 16],142.335647677,0.410016229899,1458.49347003
2,[6, 5, 9, 12, 13, 17, 19, 16],380.511648613,0.0812783045528,308.998878036
nodes pair: (21,24), Total independent paths 1 
 1,[21, 19, 22, 24],176.240766112,0.298905391654,1291.85502204
nodes pair: (7,21), Total independent paths 1 
 1,[7, 11, 6, 10, 13, 17, 19, 21],345.24663651,0.0898174947157,1842.60702309
nodes pair: (22,23), Total independent paths 2 
 1,[22, 24, 23],69.9142870939,0.378149855571,1291.85502204
2,[22, 20, 23],100.448235905,0.531028400532,1518.75269773
nodes pair: (8,9), Total independent paths 1 
 1,[8, 9],32.394375823,0.764632071338,1479.27165138
nodes pair: (15,26), Total independent paths 1 
 1,[15, 16, 19, 21, 26],219.928570819,0.182388833124,719.300252492
nodes pair: (12,13), Total independent paths 2 
 1,[12, 13],40.1934764388,0.652878003339,847.424298244
2,[12, 9, 10, 13],200.769559101,0.367390555372,346.470594342
nodes pair: (1,16), Total independent paths 2 
 1,[1, 4, 9, 12, 13, 16],275.814713764,0.162834858216,620.555674217
2,[1, 2, 5, 6, 10, 13, 17, 19, 16],402.198511585,0.054569936076,511.453369799
nodes pair: (13,16), Total independent paths 2 
 1,[13, 16],38.9230381477,0.790291919791,1458.49347003
2,[13, 17, 19, 16],141.287527273,0.305198167558,1842.60702309
nodes pair: (2,23), Total independent paths 2 
 1,[2, 5, 6, 10, 13, 17, 22, 24, 23],410.776586665,0.0591397361552,511.453369799
2,[2, 1, 4, 9, 12, 13, 16, 19, 22, 20, 23],545.763404052,0.0240604421722,620.555674217
nodes pair: (3,6), Total independent paths 1 
 1,[3, 5, 6],116.951383091,0.507505043133,511.453369799
nodes pair: (1,10), Total independent paths 2 
 1,[1, 4, 9, 10],195.992418881,0.298283174514,346.470594342
2,[1, 2, 5, 6, 10],214.143445515,0.244955794192,511.453369799
nodes pair: (6,11), Total independent paths 2 
 1,[6, 11],34.0076854589,0.783077877181,2003.78096509
2,[6, 10, 14, 11],170.516274626,0.357391858368,1901.85067472
nodes pair: (7,18), Total independent paths 1 
 1,[7, 11, 6, 10, 13, 17, 18],307.813123941,0.160530250588,618.180060091
nodes pair: (16,26), Total independent paths 1 
 1,[16, 19, 21, 26],172.578348138,0.253290115665,1233.76234733
nodes pair: (17,27), Total independent paths 1 
 1,[17, 19, 21, 26, 27],223.862701506,0.161012911641,415.510283711
nodes pair: (9,13), Total independent paths 2 
 1,[9, 12, 13],117.547376739,0.476434990925,847.424298244
2,[9, 10, 13],123.415658801,0.5034500337,346.470594342
nodes pair: (8,22), Total independent paths 1 
 1,[8, 9, 12, 13, 17, 22],267.176530577,0.191967437201,812.258249789
nodes pair: (9,23), Total independent paths 2 
 1,[9, 12, 13, 17, 22, 24, 23],304.696441847,0.0949377633672,812.258249789
2,[9, 10, 13, 16, 19, 22, 20, 23],395.003924481,0.0975826601877,346.470594342
nodes pair: (24,25), Total independent paths 1 
 1,[24, 23, 25],97.939918164,0.352218421887,866.188568656
nodes pair: (10,20), Total independent paths 2 
 1,[10, 13, 17, 22, 20],202.02340731,0.300394431231,812.258249789
2,[10, 9, 12, 13, 16, 19, 17, 18, 20],470.91208893,0.0562230095265,346.470594342
nodes pair: (11,25), Total independent paths 1 
 1,[11, 6, 10, 13, 17, 22, 24, 23, 25],382.877245461,0.0464178653321,812.258249789
nodes pair: (3,15), Total independent paths 1 
 1,[3, 5, 6, 10, 13, 16, 15],306.637253449,0.149837808583,511.453369799
nodes pair: (1,3), Total independent paths 1 
 1,[1, 2, 5, 3],171.098314385,0.347077358721,632.464298365
nodes pair: (4,8), Total independent paths 1 
 1,[4, 9, 8],98.9923244747,0.498937177117,1177.38629457
nodes pair: (28,29), Total independent paths 1 
 1,[28, 27, 26, 21, 19, 22, 29],379.686562712,0.0789831135403,415.510283711
nodes pair: (2,8), Total independent paths 1 
 1,[2, 5, 9, 8],170.934588963,0.485176781048,308.998878036
nodes pair: (5,13), Total independent paths 2 
 1,[5, 6, 10, 13],155.088331274,0.368298164178,511.453369799
2,[5, 9, 12, 13],187.548399596,0.375151481909,308.998878036
nodes pair: (3,21), Total independent paths 1 
 1,[3, 5, 6, 10, 13, 17, 19, 21],375.393040083,0.0844841660956,511.453369799
nodes pair: (4,22), Total independent paths 2 
 1,[4, 9, 12, 13, 17, 22],301.380103405,0.163820562497,812.258249789
2,[4, 1, 2, 5, 6, 10, 13, 16, 19, 22],484.797364313,0.043254658407,511.453369799
nodes pair: (19,22), Total independent paths 3 
 1,[19, 22],70.9009096679,0.716645494154,1628.96546126
2,[19, 17, 22],118.34673191,0.446007417148,812.258249789
3,[19, 16, 13, 17, 18, 20, 22],313.62572879,0.157871545652,618.180060091
nodes pair: (7,11), Total independent paths 1 
 1,[7, 11],52.7972940592,0.689002857061,2075.41342498
nodes pair: (5,23), Total independent paths 2 
 1,[5, 6, 10, 13, 17, 22, 24, 23],342.237396382,0.0733896641206,511.453369799
2,[5, 9, 12, 13, 16, 19, 22, 20, 23],459.136665276,0.0727148219835,308.998878036
nodes pair: (16,17), Total independent paths 2 
 1,[16, 13, 17],78.3527838564,0.591139334691,1458.49347003
2,[16, 19, 17],101.857781564,0.408018265072,1842.60702309
nodes pair: (17,28), Total independent paths 1 
 1,[17, 19, 21, 26, 27, 28],299.551543619,0.103997647862,415.510283711
nodes pair: (22,27), Total independent paths 1 
 1,[22, 19, 21, 26, 27],254.22191157,0.18226030274,415.510283711
nodes pair: (18,27), Total independent paths 1 
 1,[18, 17, 19, 21, 26, 27],302.028490691,0.123445648718,415.510283711
nodes pair: (8,29), Total independent paths 1 
 1,[8, 9, 12, 13, 17, 22, 29],316.952339607,0.128797346625,643.776414954
nodes pair: (9,24), Total independent paths 2 
 1,[9, 12, 13, 17, 22, 24],265.064409048,0.154546183994,812.258249789
2,[9, 10, 13, 16, 19, 22, 20, 23, 24],434.63595728,0.0599450550136,346.470594342
nodes pair: (14,23), Total independent paths 2 
 1,[14, 10, 13, 17, 22, 24, 23],279.386900363,0.100817796849,812.258249789
2,[14, 11, 6, 5, 9, 12, 13, 16, 19, 22, 20, 23],613.220979917,0.0293231655743,308.998878036
nodes pair: (25,29), Total independent paths 1 
 1,[25, 23, 24, 22, 29],177.997981489,0.145470404,643.776414954
nodes pair: (15,22), Total independent paths 1 
 1,[15, 16, 19, 22],179.567214308,0.332576065512,719.300252492
nodes pair: (11,30), Total independent paths 1 
 1,[11, 6, 10, 13, 17, 22, 30],323.330108111,0.141958302511,812.258249789
nodes pair: (12,25), Total independent paths 1 
 1,[12, 13, 17, 22, 24, 23, 25],285.650426912,0.0745931143197,812.258249789
nodes pair: (1,4), Total independent paths 2 
 1,[1, 4],52.7463502257,0.662769986376,620.555674217
2,[1, 2, 5, 9, 4],242.421624546,0.249441288522,308.998878036
nodes pair: (13,28), Total independent paths 1 
 1,[13, 17, 19, 21, 26, 27, 28],338.981289327,0.07779036939,415.510283711
nodes pair: (2,3), Total independent paths 1 
 1,[2, 5, 3],133.81485163,0.576101222897,661.141960851
nodes pair: (3,26), Total independent paths 1 
 1,[3, 5, 6, 10, 13, 17, 19, 21, 26],411.597704112,0.0490050463932,511.453369799
nodes pair: (4,29), Total independent paths 1 
 1,[4, 9, 12, 13, 17, 22, 29],351.155912435,0.109912671024,643.776414954
nodes pair: (5,16), Total independent paths 2 
 1,[5, 6, 10, 13, 16],194.011369422,0.291063063224,511.453369799
2,[5, 9, 12, 13, 17, 19, 16],328.835926868,0.114495544836,308.998878036
nodes pair: (20,24), Total independent paths 2 
 1,[20, 22, 24],68.3033447933,0.480750663819,1291.85502204
2,[20, 23, 24],102.059178205,0.417697422131,1514.49276221
nodes pair: (21,29), Total independent paths 1 
 1,[21, 19, 22, 29],195.734320847,0.325784088368,643.776414954
nodes pair: (17,21), Total independent paths 1 
 1,[17, 19, 21],115.599301754,0.428962310834,1842.60702309
nodes pair: (7,30), Total independent paths 1 
 1,[7, 11, 6, 10, 13, 17, 22, 30],376.12740217,0.0978096760139,812.258249789
nodes pair: (23,27), Total independent paths 1 
 1,[23, 24, 22, 19, 21, 26, 27],324.136198664,0.0689217071573,415.510283711
nodes pair: (14,30), Total independent paths 1 
 1,[14, 10, 13, 17, 22, 30],278.147648377,0.17678450343,812.258249789
nodes pair: (11,23), Total independent paths 2 
 1,[11, 6, 10, 13, 17, 22, 24, 23],324.569360097,0.0809568883352,812.258249789
2,[11, 14, 10, 9, 12, 13, 16, 19, 22, 20, 23],579.654966317,0.032026350442,346.470594342
nodes pair: (12,16), Total independent paths 2 
 1,[12, 13, 16],79.1165145865,0.515964210648,847.424298244
2,[12, 9, 10, 13, 17, 19, 16],342.057086374,0.112126924278,346.470594342
nodes pair: (1,29), Total independent paths 1 
 1,[1, 4, 9, 12, 13, 17, 22, 29],403.902262661,0.0728468194771,620.555674217
nodes pair: (13,21), Total independent paths 1 
 1,[13, 17, 19, 21],155.029047462,0.320864339725,1842.60702309
nodes pair: (2,26), Total independent paths 1 
 1,[2, 5, 6, 10, 13, 17, 19, 21, 26],414.861233049,0.0552371131062,511.453369799
nodes pair: (5,25), Total independent paths 1 
 1,[5, 6, 10, 13, 17, 22, 24, 23, 25],400.545281747,0.0420790820395,511.453369799
nodes pair: (6,22), Total independent paths 2 
 1,[6, 10, 13, 17, 22],220.647387544,0.273391440655,812.258249789
2,[6, 5, 9, 12, 13, 16, 19, 22],410.364151116,0.0972055908096,308.998878036
nodes pair: (7,23), Total independent paths 1 
 1,[7, 11, 6, 10, 13, 17, 22, 24, 23],377.366654156,0.0557795273618,812.258249789
nodes pair: (8,11), Total independent paths 1 
 1,[8, 9, 5, 6, 11],188.078805883,0.334692922509,308.998878036
nodes pair: (9,10), Total independent paths 3 
 1,[9, 10],76.6481200038,0.689719600045,346.470594342
2,[9, 12, 13, 10],164.314915536,0.347766269396,847.424298244
3,[9, 5, 6, 10],178.321815334,0.39730018186,308.998878036
nodes pair: (8,17), Total independent paths 1 
 1,[8, 9, 12, 13, 17],189.371498271,0.27249496167,847.424298244
nodes pair: (11,12), Total independent paths 2 
 1,[11, 6, 10, 13, 12],177.613771427,0.265247010542,847.424298244
2,[11, 14, 10, 9, 12],267.873224198,0.253080763473,346.470594342
nodes pair: (12,15), Total independent paths 1 
 1,[12, 13, 16, 15],126.466737267,0.371534870465,719.300252492
nodes pair: (1,22), Total independent paths 2 
 1,[1, 4, 9, 12, 13, 17, 22],354.126453631,0.108575351974,620.555674217
2,[1, 2, 5, 6, 10, 13, 16, 19, 22],432.051014087,0.0652634538319,511.453369799
nodes pair: (13,14), Total independent paths 2 
 1,[13, 10, 14],92.237835254,0.505943308785,2767.02478282
2,[13, 12, 9, 5, 6, 11, 14],341.632714237,0.151284548588,308.998878036
nodes pair: (2,21), Total independent paths 1 
 1,[2, 5, 6, 10, 13, 17, 19, 21],378.656569019,0.0952281812135,511.453369799
nodes pair: (3,8), Total independent paths 1 
 1,[3, 5, 9, 8],167.671060026,0.430437242773,308.998878036
nodes pair: (1,8), Total independent paths 1 
 1,[1, 4, 9, 8],151.7386747,0.33068058608,620.555674217
nodes pair: (2,15), Total independent paths 1 
 1,[2, 5, 6, 10, 13, 16, 15],309.900782385,0.16889297306,511.453369799
nodes pair: (6,9), Total independent paths 3 
 1,[6, 5, 9],121.676744601,0.558970726131,308.998878036
2,[6, 10, 9],133.293190736,0.490232689692,346.470594342
3,[6, 11, 14, 10, 13, 12, 9],312.193804889,0.136932761418,847.424298244
nodes pair: (7,12), Total independent paths 1 
 1,[7, 11, 6, 10, 13, 12],230.411065486,0.182755948091,847.424298244
nodes pair: (16,28), Total independent paths 1 
 1,[16, 19, 21, 26, 27, 28],320.325925974,0.105866154996,415.510283711
nodes pair: (17,25), Total independent paths 1 
 1,[17, 22, 24, 23, 25],206.027204764,0.152744079682,812.258249789
nodes pair: (18,30), Total independent paths 1 
 1,[18, 20, 22, 30],164.466108897,0.358396066862,806.185449836
nodes pair: (8,24), Total independent paths 1 
 1,[8, 9, 12, 13, 17, 22, 24],297.458784871,0.118170968785,812.258249789
nodes pair: (9,21), Total independent paths 1 
 1,[9, 12, 13, 17, 19, 21],272.576424201,0.152870998785,847.424298244
nodes pair: (24,27), Total independent paths 1 
 1,[24, 22, 19, 21, 26, 27],284.504165864,0.11219546846,415.510283711
nodes pair: (14,18), Total independent paths 2 
 1,[14, 10, 13, 17, 18],209.833370148,0.290147782838,618.180060091
2,[14, 11, 6, 5, 9, 12, 13, 16, 19, 22, 20, 18],608.563817801,0.0298459501801,308.998878036
nodes pair: (10,18), Total independent paths 2 
 1,[10, 13, 17, 18],164.363073691,0.41860191056,618.180060091
2,[10, 9, 12, 13, 16, 19, 22, 20, 18],461.126600307,0.0648286613083,346.470594342
nodes pair: (25,26), Total independent paths 1 
 1,[25, 23, 24, 22, 19, 21, 26],310.385348305,0.0610676627869,866.188568656
nodes pair: (11,27), Total independent paths 1 
 1,[11, 6, 10, 13, 17, 19, 21, 26, 27],400.712742203,0.0489307059552,415.510283711
nodes pair: (12,28), Total independent paths 1 
 1,[12, 13, 17, 19, 21, 26, 27, 28],379.174765766,0.0507876210463,415.510283711
nodes pair: (27,28), Total independent paths 1 
 1,[27, 28],75.6888421125,0.645896324721,1398.91978675
nodes pair: (4,10), Total independent paths 2 
 1,[4, 9, 10],143.246068655,0.450055344457,346.470594342
2,[4, 1, 2, 5, 6, 10],266.889795741,0.162349348379,511.453369799
nodes pair: (2,6), Total independent paths 2 
 1,[2, 5, 6],120.214912028,0.572045442924,511.453369799
2,[2, 1, 4, 9, 10, 6],289.920952368,0.127727950307,346.470594342
nodes pair: (5,11), Total independent paths 2 
 1,[5, 6, 11],85.6834072037,0.555892740469,511.453369799
2,[5, 9, 10, 14, 11],260.520346755,0.273080405445,308.998878036
nodes pair: (29,30), Total independent paths 1 
 1,[29, 22, 30],118.450844139,0.444887576578,643.776414954
nodes pair: (3,23), Total independent paths 1 
 1,[3, 5, 6, 10, 13, 17, 22, 24, 23],407.513057729,0.0524673602763,511.453369799
nodes pair: (4,16), Total independent paths 2 
 1,[4, 9, 12, 13, 16],223.068363538,0.245688340696,847.424298244
2,[4, 1, 2, 5, 6, 10, 13, 17, 19, 16],454.94486181,0.0361673157897,511.453369799
nodes pair: (19,24), Total independent paths 2 
 1,[19, 22, 24],101.183163962,0.441151340844,1291.85502204
2,[19, 17, 22, 20, 23, 24],258.427000614,0.145492477661,812.258249789
nodes pair: (5,21), Total independent paths 1 
 1,[5, 6, 10, 13, 17, 19, 21],310.117378736,0.118173747271,511.453369799
nodes pair: (16,19), Total independent paths 2 
 1,[16, 19],61.3160819596,0.644475799583,2717.22467157
2,[16, 13, 17, 19],118.894483461,0.374250896484,1458.49347003
nodes pair: (6,26), Total independent paths 1 
 1,[6, 10, 13, 17, 19, 21, 26],294.646321021,0.0965607082261,1233.76234733
nodes pair: (17,18), Total independent paths 2 
 1,[17, 18],78.165789185,0.76668167453,618.180060091
2,[17, 22, 20, 18],173.596106095,0.380768835719,806.185449836
nodes pair: (22,25), Total independent paths 1 
 1,[22, 24, 23, 25],128.222172459,0.21681798093,866.188568656
nodes pair: (18,25), Total independent paths 1 
 1,[18, 20, 23, 25],178.505014061,0.269816238902,806.185449836
nodes pair: (23,28), Total independent paths 1 
 1,[23, 24, 22, 19, 21, 26, 27, 28],399.825040776,0.0445162773464,415.510283711
nodes pair: (9,30), Total independent paths 1 
 1,[9, 12, 13, 17, 22, 30],303.457189862,0.166473835754,812.258249789
nodes pair: (14,21), Total independent paths 1 
 1,[14, 10, 13, 17, 19, 21],247.266882716,0.162339165711,1842.60702309
nodes pair: (10,29), Total independent paths 1 
 1,[10, 13, 17, 22, 29],213.778125842,0.258068241709,643.776414954
nodes pair: (15,16), Total independent paths 1 
 1,[15, 16],47.3502226807,0.720078762823,719.300252492
nodes pair: (11,16), Total independent paths 2 
 1,[11, 6, 10, 13, 16],176.343333136,0.321074638919,1458.49347003
2,[11, 14, 10, 9, 12, 13, 17, 19, 16],449.35422791,0.0504281567763,346.470594342
nodes pair: (12,27), Total independent paths 1 
 1,[12, 13, 17, 19, 21, 26, 27],303.485923654,0.0786312278031,415.510283711
nodes pair: (1,26), Total independent paths 1 
 1,[1, 4, 9, 12, 13, 17, 19, 21, 26],428.125387108,0.0383483581543,620.555674217
nodes pair: (13,26), Total independent paths 1 
 1,[13, 17, 19, 21, 26],191.233711492,0.186117382473,1233.76234733
nodes pair: (3,28), Total independent paths 1 
 1,[3, 5, 6, 10, 13, 17, 19, 21, 26, 27, 28],559.345281948,0.020482346196,415.510283711
nodes pair: (5,30), Total independent paths 1 
 1,[5, 6, 10, 13, 17, 22, 30],340.998144397,0.128689137573,511.453369799
nodes pair: (20,26), Total independent paths 1 
 1,[20, 22, 19, 21, 26],220.184266345,0.219964535835,1233.76234733
nodes pair: (6,29), Total independent paths 1 
 1,[6, 10, 13, 17, 22, 29],270.423196574,0.183427422171,643.776414954
nodes pair: (21,27), Total independent paths 1 
 1,[21, 26, 27],108.263399753,0.375354448572,415.510283711
nodes pair: (7,24), Total independent paths 1 
 1,[7, 11, 6, 10, 13, 17, 22, 24],337.734621356,0.0908017293961,812.258249789
nodes pair: (14,28), Total independent paths 1 
 1,[14, 10, 13, 17, 19, 21, 26, 27, 28],431.219124581,0.0393575168808,415.510283711
nodes pair: (15,25), Total independent paths 1 
 1,[15, 16, 19, 22, 24, 23, 25],307.789386767,0.07210847103,719.300252492
nodes pair: (12,18), Total independent paths 2 
 1,[12, 13, 17, 18],157.789011333,0.37441172132,618.180060091
2,[12, 9, 10, 13, 16, 19, 22, 20, 18],467.700662665,0.0724801066244,346.470594342
nodes pair: (1,19), Total independent paths 2 
 1,[1, 4, 9, 12, 13, 17, 19],316.863120929,0.0975742330855,620.555674217
2,[1, 2, 5, 6, 10, 13, 16, 19],361.150104419,0.0910679748415,511.453369799
nodes pair: (13,19), Total independent paths 2 
 1,[13, 17, 19],79.9714453131,0.4735603226,1842.60702309
2,[13, 16, 19],100.239120107,0.509324016912,1458.49347003
nodes pair: (2,24), Total independent paths 2 
 1,[2, 5, 6, 10, 13, 17, 22, 24],371.144553866,0.0962717070744,511.453369799
2,[2, 1, 4, 9, 12, 13, 16, 19, 22, 20, 23, 24],585.395436851,0.0147803362492,620.555674217
nodes pair: (3,5), Total independent paths 1 
 1,[3, 5],65.2756613467,0.714914844005,661.141960851
nodes pair: (4,6), Total independent paths 1 
 1,[4, 9, 5, 6],188.274693253,0.364739181942,308.998878036
nodes pair: (5,7), Total independent paths 1 
 1,[5, 6, 11, 7],138.480701263,0.383011686403,511.453369799
nodes pair: (6,20), Total independent paths 2 
 1,[6, 10, 13, 17, 22, 20],258.668478042,0.213511650215,812.258249789
2,[6, 5, 9, 12, 13, 16, 19, 17, 18, 20],515.940713527,0.0455649171899,308.998878036
nodes pair: (7,17), Total independent paths 1 
 1,[7, 11, 6, 10, 13, 17],229.647334756,0.2093831846,2003.78096509
nodes pair: (8,13), Total independent paths 1 
 1,[8, 9, 12, 13],149.941752562,0.364297473969,847.424298244
nodes pair: (10,15), Total independent paths 1 
 1,[10, 13, 16, 15],133.040799625,0.415385517493,719.300252492
nodes pair: (8,19), Total independent paths 1 
 1,[8, 9, 12, 13, 17, 19],229.913197875,0.172516829295,847.424298244
nodes pair: (11,14), Total independent paths 2 
 1,[11, 14],68.4009074373,0.725432327,1901.85067472
2,[11, 6, 10, 14],136.123052648,0.385791544374,2003.78096509
nodes pair: (9,18), Total independent paths 2 
 1,[9, 12, 13, 17, 18],235.142911633,0.273225386883,618.180060091
2,[9, 10, 13, 16, 19, 22, 20, 18],390.346762365,0.0993224011587,346.470594342
nodes pair: (1,20), Total independent paths 2 
 1,[1, 4, 9, 12, 13, 17, 22, 20],392.14754413,0.0847945441056,620.555674217
2,[1, 2, 5, 6, 10, 13, 16, 19, 17, 18, 20],537.627576499,0.0305921073532,511.453369799
nodes pair: (2,19), Total independent paths 2 
 1,[2, 5, 6, 10, 13, 17, 19],303.59896687,0.140546276519,511.453369799
2,[2, 1, 4, 9, 12, 13, 16, 19],374.414258479,0.0632239289713,620.555674217
nodes pair: (3,10), Total independent paths 1 
 1,[3, 5, 6, 10],173.596453824,0.360719866901,511.453369799
nodes pair: (1,14), Total independent paths 2 
 1,[1, 4, 9, 10, 14],241.462715338,0.206750613315,346.470594342
2,[1, 2, 5, 6, 11, 14],259.906967679,0.195776191885,511.453369799
nodes pair: (4,13), Total independent paths 2 
 1,[4, 9, 12, 13],184.145325391,0.310883022518,847.424298244
2,[4, 1, 2, 5, 6, 10, 13],313.657334538,0.118504367438,511.453369799
nodes pair: (2,13), Total independent paths 2 
 1,[2, 5, 6, 10, 13],223.627521557,0.296786427856,511.453369799
2,[2, 1, 4, 9, 12, 13],274.175138372,0.124133021165,620.555674217
nodes pair: (3,16), Total independent paths 1 
 1,[3, 5, 6, 10, 13, 16],259.287030768,0.20808530444,511.453369799
nodes pair: (6,15), Total independent paths 1 
 1,[6, 10, 13, 16, 15],189.685870358,0.295243979563,719.300252492
nodes pair: (19,21), Total independent paths 1 
 1,[19, 21],75.0576021494,0.677557481935,3168.2932781
nodes pair: (7,14), Total independent paths 1 
 1,[7, 11, 14],121.198201496,0.499824945908,1901.85067472
nodes pair: (20,22), Total independent paths 3 
 1,[20, 22],38.0210904987,0.780974158163,2234.15883633
2,[20, 23, 24, 22],132.3414325,0.257125425811,1291.85502204
3,[20, 18, 17, 22],213.740804781,0.373800445926,618.180060091
nodes pair: (16,30), Total independent paths 1 
 1,[16, 19, 22, 30],200.892026736,0.306254104404,1628.96546126
nodes pair: (21,23), Total independent paths 1 
 1,[21, 19, 22, 24, 23],215.872798911,0.183617664369,1291.85502204
nodes pair: (18,28), Total independent paths 1 
 1,[18, 17, 19, 21, 26, 27, 28],377.717332804,0.0797330908099,415.510283711
nodes pair: (8,26), Total independent paths 1 
 1,[8, 9, 12, 13, 17, 19, 21, 26],341.175464054,0.0678020922968,847.424298244
nodes pair: (9,27), Total independent paths 1 
 1,[9, 12, 13, 17, 19, 21, 26, 27],380.839823954,0.0573808094517,415.510283711
nodes pair: (24,29), Total independent paths 1 
 1,[24, 22, 29],80.0580633247,0.413011912384,643.776414954
nodes pair: (14,16), Total independent paths 2 
 1,[14, 10, 13, 16],131.160873402,0.399842908805,1458.49347003
2,[14, 11, 6, 5, 9, 12, 13, 17, 19, 16],482.920241509,0.0461717670091,308.998878036
nodes pair: (10,16), Total independent paths 2 
 1,[10, 13, 16],85.6905769447,0.576861225382,1458.49347003
2,[10, 9, 12, 13, 17, 19, 16],335.483024015,0.100290117331,346.470594342
nodes pair: (15,21), Total independent paths 1 
 1,[15, 16, 19, 21],183.72390679,0.314436361267,719.300252492
nodes pair: (11,29), Total independent paths 1 
 1,[11, 6, 10, 13, 17, 22, 29],304.430882033,0.14363795637,643.776414954
nodes pair: (12,30), Total independent paths 1 
 1,[12, 13, 17, 22, 30],226.103289562,0.228125783297,812.258249789
nodes pair: (27,30), Total independent paths 1 
 1,[27, 26, 21, 19, 22, 30],322.896946678,0.120854553027,415.510283711
nodes pair: (1,7), Total independent paths 1 
 1,[1, 2, 5, 6, 11, 7],244.303354301,0.185944781523,511.453369799
nodes pair: (2,4), Total independent paths 2 
 1,[2, 1, 4],90.0298129809,0.399291734105,620.555674217
2,[2, 5, 9, 4],205.138161791,0.414038622076,308.998878036
nodes pair: (5,9), Total independent paths 3 
 1,[5, 9],70.0010228567,0.787413790034,308.998878036
2,[5, 6, 10, 9],184.968912481,0.348007268857,346.470594342
3,[5, 2, 1, 4, 9],225.166951916,0.209955936113,620.555674217
nodes pair: (3,25), Total independent paths 1 
 1,[3, 5, 6, 10, 13, 17, 22, 24, 23, 25],465.820943094,0.0300829603721,511.453369799
nodes pair: (4,18), Total independent paths 2 
 1,[4, 9, 12, 13, 17, 18],301.740860284,0.17828483575,618.180060091
2,[4, 1, 2, 5, 6, 10, 13, 16, 19, 22, 20, 18],580.588438102,0.023378960242,511.453369799
nodes pair: (19,26), Total independent paths 1 
 1,[19, 21, 26],111.262266179,0.393017264309,1233.76234733
nodes pair: (5,19), Total independent paths 2 
 1,[5, 6, 10, 13, 17, 19],235.059776587,0.174411397441,511.453369799
2,[5, 9, 12, 13, 16, 19],287.787519703,0.191073659716,308.998878036
nodes pair: (20,29), Total independent paths 1 
 1,[20, 22, 29],87.7968995288,0.523981571152,643.776414954
nodes pair: (16,21), Total independent paths 1 
 1,[16, 19, 21],136.373684109,0.436669399934,2717.22467157
nodes pair: (6,24), Total independent paths 2 
 1,[6, 10, 13, 17, 22, 24],250.929641838,0.168293809985,812.258249789
2,[6, 5, 9, 12, 13, 16, 19, 22, 20, 23, 24],550.44441982,0.0317095225453,308.998878036
nodes pair: (7,29), Total independent paths 1 
 1,[7, 11, 6, 10, 13, 17, 22, 29],357.228176092,0.0989669623216,643.776414954
nodes pair: (18,23), Total independent paths 2 
 1,[18, 20, 23],120.197128696,0.470583534325,806.185449836
2,[18, 17, 22, 24, 23],225.885108585,0.20424343781,618.180060091
nodes pair: (23,30), Total independent paths 1 
 1,[23, 24, 22, 30],138.589322202,0.250746493259,1291.85502204
nodes pair: (9,28), Total independent paths 1 
 1,[9, 12, 13, 17, 19, 21, 26, 27, 28],456.528666066,0.0370620539344,415.510283711
nodes pair: (14,27), Total independent paths 1 
 1,[14, 10, 13, 17, 19, 21, 26, 27],355.530282469,0.0609347280274,415.510283711
nodes pair: (10,27), Total independent paths 1 
 1,[10, 13, 17, 19, 21, 26, 27],310.059986012,0.0879117300922,415.510283711
nodes pair: (15,18), Total independent paths 1 
 1,[15, 16, 13, 17, 18],203.868795722,0.326350996949,618.180060091
nodes pair: (11,18), Total independent paths 2 
 1,[11, 6, 10, 13, 17, 18],255.015829882,0.232989237914,618.180060091
2,[11, 14, 10, 9, 12, 13, 16, 19, 22, 20, 18],574.997804201,0.0325973284611,346.470594342
nodes pair: (12,21), Total independent paths 1 
 1,[12, 13, 17, 19, 21],195.222523901,0.209485269462,847.424298244
nodes pair: (1,24), Total independent paths 2 
 1,[1, 4, 9, 12, 13, 17, 22, 24],384.408707926,0.0668366193562,620.555674217
2,[1, 2, 5, 6, 10, 13, 16, 19, 22, 20, 23, 24],572.131282791,0.0212896495297,511.453369799
nodes pair: (13,24), Total independent paths 2 
 1,[13, 17, 22, 24],147.517032309,0.324380423221,812.258249789
2,[13, 16, 19, 22, 20, 23, 24],311.220298479,0.119068529151,1458.49347003
nodes pair: (3,30), Total independent paths 1 
 1,[3, 5, 6, 10, 13, 17, 22, 30],406.273805744,0.092001774713,511.453369799
nodes pair: (4,25), Total independent paths 1 
 1,[4, 9, 12, 13, 17, 22, 24, 23, 25],429.602275864,0.0355192435955,812.258249789
nodes pair: (5,28), Total independent paths 1 
 1,[5, 6, 10, 13, 17, 19, 21, 26, 27, 28],494.069620601,0.0286500502371,415.510283711
nodes pair: (6,19), Total independent paths 2 
 1,[6, 10, 13, 17, 19],183.384054842,0.245690754568,1842.60702309
2,[6, 5, 9, 12, 13, 16, 19],339.463241448,0.135639715316,308.998878036
nodes pair: (21,25), Total independent paths 1 
 1,[21, 19, 22, 24, 23, 25],274.180684276,0.105279985342,866.188568656
nodes pair: (7,26), Total independent paths 1 
 1,[7, 11, 6, 10, 13, 17, 19, 21, 26],381.451300539,0.0520986440286,1233.76234733
nodes pair: (15,27), Total independent paths 1 
 1,[15, 16, 19, 21, 26, 27],291.987306542,0.118025086994,415.510283711
nodes pair: (1,17), Total independent paths 2 
 1,[1, 4, 9, 12, 13, 17],276.321421325,0.154121119738,620.555674217
2,[1, 2, 5, 6, 10, 13, 16, 19, 17],401.691804024,0.0576552247927,511.453369799
nodes pair: (13,17), Total independent paths 2 
 1,[13, 17],39.4297457087,0.748001238387,3181.49014659
2,[13, 16, 19, 17],140.780819712,0.322453538014,1458.49347003
nodes pair: (2,22), Total independent paths 2 
 1,[2, 5, 6, 10, 13, 17, 22],340.862299571,0.156392327761,511.453369799
2,[2, 1, 4, 9, 12, 13, 16, 19, 22],445.315168147,0.04530914382,620.555674217
nodes pair: (3,7), Total independent paths 1 
 1,[3, 5, 6, 11, 7],203.75636261,0.273820740036,511.453369799
nodes pair: (1,11), Total independent paths 2 
 1,[1, 2, 5, 6, 11],191.506060242,0.269875196622,511.453369799
2,[1, 4, 9, 10, 14, 11],309.863622775,0.149983578526,346.470594342
nodes pair: (6,10), Total independent paths 3 
 1,[6, 10],56.6450707321,0.71077099978,2082.90287181
2,[6, 11, 14, 10],147.878889353,0.393749404321,1901.85067472
3,[6, 5, 9, 10],198.324864605,0.385533065664,308.998878036
nodes pair: (7,19), Total independent paths 1 
 1,[7, 11, 6, 10, 13, 17, 19],270.18903436,0.132560700915,1842.60702309
nodes pair: (16,25), Total independent paths 1 
 1,[16, 19, 22, 24, 23, 25],260.439164086,0.100139699645,866.188568656
nodes pair: (8,15), Total independent paths 1 
 1,[8, 9, 12, 13, 16, 15],236.21501339,0.207311647979,719.300252492
nodes pair: (9,14), Total independent paths 2 
 1,[9, 10, 14],122.118416461,0.478069038111,346.470594342
2,[9, 5, 6, 11, 14],224.085337498,0.317534504119,308.998878036
nodes pair: (10,13), Total independent paths 2 
 1,[10, 13],46.767538797,0.72993435835,2868.9189223
2,[10, 9, 12, 13],194.195496743,0.328606551388,346.470594342
nodes pair: (8,21), Total independent paths 1 
 1,[8, 9, 12, 13, 17, 19, 21],304.970800024,0.116890068449,847.424298244
nodes pair: (9,16), Total independent paths 2 
 1,[9, 12, 13, 16],156.470414887,0.376522723634,847.424298244
2,[9, 10, 13, 17, 19, 16],264.703186073,0.153652027742,346.470594342
nodes pair: (14,15), Total independent paths 1 
 1,[14, 10, 13, 16, 15],178.511096082,0.287918387096,719.300252492
nodes pair: (10,23), Total independent paths 2 
 1,[10, 13, 17, 22, 24, 23],233.916603906,0.145451817575,812.258249789
2,[10, 9, 12, 13, 16, 19, 22, 20, 23],465.783762423,0.0636931160853,346.470594342
nodes pair: (2,17), Total independent paths 2 
 1,[2, 5, 6, 10, 13, 17],263.057267266,0.221996615573,511.453369799
2,[2, 1, 4, 9, 12, 13, 16, 19, 17],414.955958083,0.0400271318591,620.555674217
nodes pair: (3,12), Total independent paths 1 
 1,[3, 5, 9, 12],212.630584504,0.410798589929,308.998878036
nodes pair: (1,12), Total independent paths 2 
 1,[1, 4, 9, 12],196.698199178,0.315593319954,620.555674217
2,[1, 2, 5, 6, 10, 13, 12],301.104460751,0.116735664544,511.453369799
nodes pair: (4,15), Total independent paths 1 
 1,[4, 9, 12, 13, 16, 15],270.418586219,0.176914956409,719.300252492
nodes pair: (2,11), Total independent paths 2 
 1,[2, 5, 6, 11],154.222597487,0.447956131096,511.453369799
2,[2, 1, 4, 9, 10, 14, 11],347.147085531,0.0903589546719,346.470594342
nodes pair: (5,14), Total independent paths 1 
 1,[5, 6, 10, 14],153.791088934,0.349730732547,511.453369799
nodes pair: (3,18), Total independent paths 1 
 1,[3, 5, 6, 10, 13, 17, 18],337.959527514,0.150998025462,511.453369799
nodes pair: (6,13), Total independent paths 2 
 1,[6, 10, 13],103.412609529,0.518816173658,2082.90287181
2,[6, 5, 9, 12, 13],239.22412134,0.266313212831,308.998878036
nodes pair: (4,21), Total independent paths 1 
 1,[4, 9, 12, 13, 17, 19, 21],339.174372853,0.099751275752,847.424298244
nodes pair: (19,23), Total independent paths 2 
 1,[19, 22, 24, 23],140.815196762,0.27099939011,1291.85502204
2,[19, 17, 22, 20, 23],218.794967815,0.236842605354,812.258249789
nodes pair: (7,8), Total independent paths 1 
 1,[7, 11, 6, 5, 9, 8],240.876099943,0.230604379847,308.998878036
nodes pair: (17,29), Total independent paths 1 
 1,[17, 22, 29],127.580841336,0.472659552441,643.776414954
nodes pair: (22,26), Total independent paths 1 
 1,[22, 19, 21, 26],182.163175847,0.281654051592,1233.76234733
nodes pair: (18,26), Total independent paths 1 
 1,[18, 17, 19, 21, 26],229.969754968,0.19076544146,618.180060091
nodes pair: (8,28), Total independent paths 1 
 1,[8, 9, 12, 13, 17, 19, 21, 26, 27, 28],488.923041889,0.0283388350679,415.510283711
nodes pair: (9,25), Total independent paths 1 
 1,[9, 12, 13, 17, 22, 24, 23, 25],363.004327212,0.054434013035,812.258249789
nodes pair: (14,22), Total independent paths 2 
 1,[14, 10, 13, 17, 22],209.472613269,0.266608053298,812.258249789
2,[14, 11, 6, 5, 9, 12, 13, 16, 19, 22],512.772744012,0.0552195806192,308.998878036
nodes pair: (10,30), Total independent paths 1 
 1,[10, 13, 17, 22, 30],232.67735192,0.255050478653,812.258249789
nodes pair: (25,30), Total independent paths 1 
 1,[25, 23, 24, 22, 30],196.897207567,0.143769322116,866.188568656
nodes pair: (15,23), Total independent paths 1 
 1,[15, 16, 19, 22, 24, 23],249.481501402,0.12576359114,719.300252492
nodes pair: (26,29), Total independent paths 1 
 1,[26, 21, 19, 22, 29],231.938984877,0.188971083014,643.776414954
nodes pair: (12,24), Total independent paths 2 
 1,[12, 13, 17, 22, 24],187.710508748,0.211780843035,812.258249789
2,[12, 9, 10, 13, 16, 19, 22, 20, 23, 24],511.98985758,0.0437446530521,346.470594342
nodes pair: (1,5), Total independent paths 2 
 1,[1, 2, 5],105.822653038,0.485480699738,632.464298365
2,[1, 4, 9, 5],189.345321734,0.340533000559,308.998878036
nodes pair: (13,29), Total independent paths 1 
 1,[13, 17, 22, 29],167.010587045,0.353549930561,643.776414954
nodes pair: (3,27), Total independent paths 1 
 1,[3, 5, 6, 10, 13, 17, 19, 21, 26, 27],483.656439836,0.0317115075779,415.510283711
nodes pair: (4,28), Total independent paths 1 
 1,[4, 9, 12, 13, 17, 19, 21, 26, 27, 28],523.126614718,0.0241837051588,415.510283711
nodes pair: (19,28), Total independent paths 1 
 1,[19, 21, 26, 27, 28],259.009844014,0.164267075761,415.510283711
nodes pair: (5,17), Total independent paths 2 
 1,[5, 6, 10, 13, 17],194.518076983,0.275487482901,511.453369799
2,[5, 9, 12, 13, 16, 19, 17],328.329219307,0.120968922633,308.998878036
nodes pair: (16,23), Total independent paths 2 
 1,[16, 19, 22, 24, 23],202.131278721,0.174652548628,1291.85502204
2,[16, 13, 17, 22, 20, 23],256.606052067,0.221144782494,812.258249789
nodes pair: (6,30), Total independent paths 1 
 1,[6, 10, 13, 17, 22, 30],289.322422652,0.181282483707,812.258249789
nodes pair: (21,30), Total independent paths 1 
 1,[21, 19, 22, 30],214.633546926,0.321974479021,1628.96546126
nodes pair: (17,22), Total independent paths 3 
 1,[17, 22],77.8050323058,0.704480684795,812.258249789
2,[17, 19, 22],111.442609272,0.453708969965,1628.96546126
3,[17, 18, 20, 22],173.956862974,0.41438820805,618.180060091
nodes pair: (22,29), Total independent paths 1 
 1,[22, 29],49.7758090301,0.670933302562,643.776414954
nodes pair: (18,21), Total independent paths 1 
 1,[18, 17, 19, 21],193.765090939,0.32887754278,618.180060091
nodes pair: (23,24), Total independent paths 2 
 1,[23, 24],39.6320327994,0.614300275256,1514.49276221
2,[23, 20, 22, 24],130.730490199,0.326889505106,1291.85502204
nodes pair: (14,25), Total independent paths 1 
 1,[14, 10, 13, 17, 22, 24, 23, 25],337.694785727,0.0578054198158,812.258249789
nodes pair: (10,25), Total independent paths 1 
 1,[10, 13, 17, 22, 24, 23, 25],292.22448927,0.0833970156136,812.258249789
nodes pair: (15,28), Total independent paths 1 
 1,[15, 16, 19, 21, 26, 27, 28],367.676148655,0.0762319699146,415.510283711
nodes pair: (11,20), Total independent paths 2 
 1,[11, 6, 10, 13, 17, 22, 20],292.676163501,0.167196249803,812.258249789
2,[11, 14, 10, 9, 12, 13, 16, 19, 17, 18, 20],584.783292824,0.0282702106078,346.470594342
nodes pair: (12,23), Total independent paths 2 
 1,[12, 13, 17, 22, 24, 23],227.342541547,0.13009703017,812.258249789
2,[12, 9, 10, 13, 16, 19, 22, 20, 23],472.357824781,0.0712105379309,346.470594342
nodes pair: (1,30), Total independent paths 1 
 1,[1, 4, 9, 12, 13, 17, 22, 30],422.801488739,0.0719949733179,620.555674217
nodes pair: (13,22), Total independent paths 2 
 1,[13, 17, 22],117.234778015,0.526952424646,812.258249789
2,[13, 16, 19, 22],171.140029775,0.365004761784,1458.49347003
nodes pair: (2,29), Total independent paths 1 
 1,[2, 5, 6, 10, 13, 17, 22, 29],390.638108601,0.10492882096,511.453369799
nodes pair: (4,27), Total independent paths 1 
 1,[4, 9, 12, 13, 17, 19, 21, 26, 27],447.437772606,0.0374420851043,415.510283711
nodes pair: (5,26), Total independent paths 1 
 1,[5, 6, 10, 13, 17, 19, 21, 26],346.322042766,0.0685466902865,511.453369799
nodes pair: (6,17), Total independent paths 2 
 1,[6, 10, 13, 17],142.842355238,0.388075140392,2082.90287181
2,[6, 5, 9, 12, 13, 16, 19, 17],380.004941052,0.0858736376973,308.998878036
nodes pair: (7,20), Total independent paths 1 
 1,[7, 11, 6, 10, 13, 17, 22, 20],345.473457561,0.115198693805,812.258249789
nodes pair: (8,10), Total independent paths 1 
 1,[8, 9, 10],109.042495827,0.527381726425,346.470594342
nodes pair: (9,11), Total independent paths 2 
 1,[9, 5, 6, 11],155.68443006,0.437717609625,308.998878036
2,[9, 10, 14, 11],190.519323898,0.346806734784,346.470594342
nodes pair: (8,16), Total independent paths 1 
 1,[8, 9, 12, 13, 16],188.86479071,0.287901350078,847.424298244
nodes pair: (11,13), Total independent paths 2 
 1,[11, 6, 10, 13],137.420294988,0.406273467916,2003.78096509
2,[11, 14, 10, 9, 12, 13],308.066700637,0.165230863539,346.470594342
nodes pair: (12,14), Total independent paths 2 
 1,[12, 13, 10, 14],132.431311693,0.330319257242,847.424298244
2,[12, 9, 5, 6, 11, 14],301.439237798,0.231719475637,308.998878036
nodes pair: (1,23), Total independent paths 2 
 1,[1, 4, 9, 12, 13, 17, 22, 24, 23],424.040740725,0.0410577536677,620.555674217
2,[1, 2, 5, 6, 10, 13, 16, 19, 22, 20, 23],532.499249992,0.0346567475016,511.453369799
nodes pair: (13,15), Total independent paths 1 
 1,[13, 16, 15],86.2732608284,0.569072427872,719.300252492
nodes pair: (2,20), Total independent paths 2 
 1,[2, 5, 6, 10, 13, 17, 22, 20],378.88339007,0.122138366516,511.453369799
2,[2, 1, 4, 9, 12, 13, 16, 19, 17, 18, 20],550.891730558,0.0212385663099,618.180060091
nodes pair: (3,9), Total independent paths 1 
 1,[3, 5, 9],135.276684203,0.562933806869,308.998878036
nodes pair: (1,9), Total independent paths 2 
 1,[1, 4, 9],119.344298877,0.432470201651,620.555674217
2,[1, 2, 5, 9],175.823675895,0.382274197769,308.998878036
nodes pair: (2,14), Total independent paths 1 
 1,[2, 5, 6, 10, 14],222.330279217,0.281824198217,511.453369799
nodes pair: (6,8), Total independent paths 1 
 1,[6, 5, 9, 8],154.071120424,0.427406944139,308.998878036
nodes pair: (7,13), Total independent paths 1 
 1,[7, 11, 6, 10, 13],190.217589047,0.279923580142,2003.78096509
nodes pair: (16,27), Total independent paths 1 
 1,[16, 19, 21, 26, 27],244.637083862,0.163905801821,415.510283711
nodes pair: (17,26), Total independent paths 1 
 1,[17, 19, 21, 26],151.803965783,0.248819618099,1233.76234733
nodes pair: (9,12), Total independent paths 2 
 1,[9, 12],77.3539003001,0.729745815433,2511.02918871
2,[9, 10, 13, 12],163.60913524,0.328691452783,346.470594342
nodes pair: (10,11), Total independent paths 2 
 1,[10, 6, 11],90.6527561911,0.55658904567,2003.78096509
2,[10, 14, 11],113.871203894,0.502822791698,1901.85067472
nodes pair: (8,23), Total independent paths 1 
 1,[8, 9, 12, 13, 17, 22, 24, 23],337.09081767,0.0725924586517,812.258249789
nodes pair: (9,22), Total independent paths 2 
 1,[9, 12, 13, 17, 22],234.782154754,0.251058573654,812.258249789
2,[9, 10, 13, 16, 19, 22],294.555688576,0.183761659621,346.470594342
nodes pair: (24,26), Total independent paths 1 
 1,[24, 22, 19, 21, 26],212.445430141,0.173380093124,1233.76234733
nodes pair: (10,21), Total independent paths 1 
 1,[10, 13, 17, 19, 21],201.796586259,0.234209905934,1842.60702309
nodes pair: (25,27), Total independent paths 1 
 1,[25, 23, 24, 22, 19, 21, 26, 27],382.444084028,0.0395173108438,415.510283711
nodes pair: (11,24), Total independent paths 2 
 1,[11, 6, 10, 13, 17, 22, 24],284.937327297,0.131787159466,812.258249789
2,[11, 14, 10, 9, 12, 13, 16, 19, 22, 20, 23, 24],619.286999116,0.0196737958919,346.470594342
nodes pair: (3,14), Total independent paths 1 
 1,[3, 5, 6, 10, 14],219.066750281,0.250027692103,511.453369799
nodes pair: (27,29), Total independent paths 1 
 1,[27, 26, 21, 19, 22, 29],303.9977206,0.122284506843,415.510283711
nodes pair: (1,2), Total independent paths 2 
 1,[1, 2],37.2834627552,0.602458986244,632.464298365
2,[1, 4, 9, 5, 2],257.884512017,0.274412371912,308.998878036
nodes pair: (4,9), Total independent paths 2 
 1,[4, 9],66.5979486517,0.652519291067,1177.38629457
2,[4, 1, 2, 5, 9],228.570026121,0.253359864848,308.998878036
nodes pair: (28,30), Total independent paths 1 
 1,[28, 27, 26, 21, 19, 22, 30],398.585788791,0.0780595116261,415.510283711
nodes pair: (2,9), Total independent paths 2 
 1,[2, 5, 9],138.54021314,0.634523189956,308.998878036
2,[2, 1, 4, 9],156.627761633,0.260545559267,620.555674217
nodes pair: (5,12), Total independent paths 2 
 1,[5, 9, 12],147.354923157,0.574611918292,308.998878036
2,[5, 6, 10, 13, 12],195.281807713,0.240453770062,511.453369799
nodes pair: (3,20), Total independent paths 1 
 1,[3, 5, 6, 10, 13, 17, 22, 20],375.619861134,0.108358239252,511.453369799
nodes pair: (4,23), Total independent paths 2 
 1,[4, 9, 12, 13, 17, 22, 24, 23],371.294390499,0.0619487220479,812.258249789
2,[4, 1, 2, 5, 6, 10, 13, 16, 19, 22, 20, 23],585.245600218,0.0229694520695,511.453369799
nodes pair: (19,25), Total independent paths 1 
 1,[19, 22, 24, 23, 25],199.123082126,0.155381629085,866.188568656
nodes pair: (7,10), Total independent paths 1 
 1,[7, 11, 6, 10],143.45005025,0.383491442676,2003.78096509
nodes pair: (5,22), Total independent paths 2 
 1,[5, 6, 10, 13, 17, 22],272.323109288,0.194075610606,511.453369799
2,[5, 9, 12, 13, 16, 19, 22],358.688429371,0.136932077287,308.998878036
nodes pair: (16,18), Total independent paths 2 
 1,[16, 13, 17, 18],156.518573041,0.453215695002,618.180060091
2,[16, 19, 22, 20, 18],228.008065416,0.249633746347,806.185449836
nodes pair: (17,19), Total independent paths 3 
 1,[17, 19],40.5416996043,0.633100987401,1842.60702309
2,[17, 13, 16, 19],139.668865816,0.38097499539,1458.49347003
3,[17, 22, 19],148.705941974,0.504862908477,812.258249789
nodes pair: (22,24), Total independent paths 2 
 1,[22, 24],30.2822542946,0.615578196531,1291.85502204
2,[22, 20, 23, 24],140.080268704,0.326210892616,1514.49276221
nodes pair: (18,24), Total independent paths 1 
 1,[18, 20, 22, 24],126.073328083,0.332717416171,806.185449836
nodes pair: (23,29), Total independent paths 1 
 1,[23, 24, 22, 29],119.690096124,0.253713331461,643.776414954
nodes pair: (8,30), Total independent paths 1 
 1,[8, 9, 12, 13, 17, 22, 30],335.851565685,0.127291233856,812.258249789
nodes pair: (14,20), Total independent paths 2 
 1,[14, 10, 13, 17, 22, 20],247.493703767,0.208213999984,812.258249789
2,[14, 11, 6, 5, 9, 12, 13, 16, 19, 17, 18, 20],618.349306423,0.0258840628118,308.998878036
nodes pair: (10,28), Total independent paths 1 
 1,[10, 13, 17, 19, 21, 26, 27, 28],385.748828124,0.0567818633664,415.510283711
nodes pair: (25,28), Total independent paths 1 
 1,[25, 23, 24, 22, 19, 21, 26, 27, 28],458.132926141,0.0255240858368,415.510283711
nodes pair: (15,17), Total independent paths 1 
 1,[15, 16, 13, 17],125.703006537,0.42566688078,719.300252492
nodes pair: (11,17), Total independent paths 2 
 1,[11, 6, 10, 13, 17],176.850040697,0.303893057125,2003.78096509
2,[11, 14, 10, 9, 12, 13, 16, 19, 17],448.847520349,0.0532792765374,346.470594342
nodes pair: (26,27), Total independent paths 1 
 1,[26, 27],72.0587357231,0.647106980033,415.510283711
nodes pair: (12,26), Total independent paths 1 
 1,[12, 13, 17, 19, 21, 26],231.427187931,0.121511945056,847.424298244
nodes pair: (1,27), Total independent paths 1 
 1,[1, 4, 9, 12, 13, 17, 19, 21, 26, 27],500.184122831,0.0248154902345,415.510283711
nodes pair: (13,27), Total independent paths 1 
 1,[13, 17, 19, 21, 26, 27],263.292447215,0.120437857304,415.510283711
nodes pair: (3,29), Total independent paths 1 
 1,[3, 5, 6, 10, 13, 17, 22, 29],387.374579665,0.0930903418006,511.453369799
nodes pair: (4,30), Total independent paths 1 
 1,[4, 9, 12, 13, 17, 22, 30],370.055138514,0.108627389287,812.258249789
nodes pair: (19,30), Total independent paths 1 
 1,[19, 22, 30],139.575944776,0.475198765574,1628.96546126
