0 	 0.611740486522 	 0 	 0 	 {}
3 	 0.611740486522 	 0 	 0 	 {}
6 	 0.622050643164 	 1 	 3.27795227096 	 {(23, 24): 1}
9 	 0.650911372955 	 2 	 8.62204111799 	 {(17, 22): 1, (15, 16): 1}
12 	 0.657419753998 	 2 	 8.20940055246 	 {(9, 12): 1, (23, 25): 1}
15 	 0.65642202706 	 3 	 9.39625430759 	 {(6, 11): 1, (4, 9): 1, (22, 30): 1}
18 	 0.672130397386 	 4 	 14.5501174111 	 {(6, 11): 1, (10, 14): 1, (4, 9): 1, (22, 30): 1}
21 	 0.672130397386 	 4 	 14.5501174111 	 {(6, 11): 1, (10, 14): 1, (4, 9): 1, (22, 30): 1}
24 	 0.700080848375 	 5 	 18.8875180621 	 {(6, 11): 1, (6, 10): 1, (4, 9): 1, (10, 14): 1, (22, 30): 1}
27 	 0.711963917794 	 6 	 26.3118371913 	 {(1, 2): 1, (22, 24): 1, (23, 24): 1, (17, 22): 1, (19, 22): 1, (27, 28): 1}
30 	 0.706272858101 	 6 	 23.7592261954 	 {(4, 9): 1, (6, 11): 1, (6, 10): 1, (8, 9): 1, (10, 14): 1, (22, 30): 1}
33 	 0.717066412265 	 7 	 27.4989975966 	 {(4, 9): 1, (6, 11): 1, (6, 10): 1, (8, 9): 1, (10, 14): 1, (22, 30): 1, (19, 21): 1}
36 	 0.75676440465 	 7 	 25.8755400115 	 {(4, 9): 1, (12, 13): 1, (6, 10): 1, (22, 29): 1, (7, 11): 1, (22, 30): 1, (3, 5): 1}
39 	 0.848040551295 	 9 	 38.1944875091 	 {(1, 2): 1, (4, 9): 1, (22, 24): 1, (12, 13): 1, (27, 28): 1, (6, 10): 1, (17, 22): 1, (19, 22): 1, (23, 24): 1}
42 	 0.870417384085 	 10 	 40.805312919 	 {(1, 2): 1, (4, 9): 1, (22, 24): 1, (12, 13): 1, (27, 28): 1, (6, 10): 1, (17, 22): 1, (19, 22): 1, (16, 19): 1, (23, 24): 1}
45 	 0.774651973548 	 12 	 44.9130898768 	 {(17, 18): 1, (20, 23): 1, (22, 29): 1, (23, 24): 1, (6, 10): 1, (9, 10): 1, (11, 14): 1, (2, 5): 1, (22, 30): 1, (15, 16): 1, (9, 12): 1, (23, 25): 1}
48 	 0.877606143516 	 11 	 45.6770210523 	 {(1, 2): 1, (4, 9): 1, (22, 24): 1, (12, 13): 1, (27, 28): 1, (6, 10): 1, (8, 9): 1, (17, 22): 1, (19, 22): 1, (16, 19): 1, (23, 24): 1}
51 	 0.877606143516 	 11 	 45.6770210523 	 {(1, 2): 1, (4, 9): 1, (22, 24): 1, (12, 13): 1, (27, 28): 1, (6, 10): 1, (8, 9): 1, (17, 22): 1, (19, 22): 1, (16, 19): 1, (23, 24): 1}
54 	 0.952255955516 	 11 	 42.7848194808 	 {(4, 9): 1, (5, 6): 1, (27, 28): 1, (10, 13): 1, (12, 13): 1, (13, 17): 1, (10, 14): 1, (22, 29): 1, (16, 19): 1, (23, 24): 1, (23, 25): 1}
57 	 0.952255955516 	 11 	 42.7848194808 	 {(4, 9): 1, (5, 6): 1, (27, 28): 1, (10, 13): 1, (12, 13): 1, (13, 17): 1, (10, 14): 1, (22, 29): 1, (16, 19): 1, (23, 24): 1, (23, 25): 1}
60 	 0.960321822823 	 12 	 46.5837597822 	 {(4, 9): 1, (22, 29): 1, (5, 6): 1, (27, 28): 1, (10, 13): 1, (12, 13): 1, (13, 17): 1, (10, 14): 1, (11, 14): 1, (16, 19): 1, (23, 24): 1, (23, 25): 1}
63 	 1.07730887013 	 16 	 62.032604912 	 {(17, 18): 1, (4, 9): 1, (11, 14): 1, (20, 22): 1, (12, 13): 1, (27, 28): 1, (10, 13): 1, (9, 10): 1, (13, 17): 1, (10, 14): 1, (17, 22): 1, (19, 22): 1, (26, 27): 1, (16, 19): 1, (15, 16): 1, (22, 24): 1}
66 	 1.07730887013 	 16 	 62.032604912 	 {(17, 18): 1, (4, 9): 1, (11, 14): 1, (20, 22): 1, (12, 13): 1, (27, 28): 1, (10, 13): 1, (9, 10): 1, (13, 17): 1, (10, 14): 1, (17, 22): 1, (19, 22): 1, (26, 27): 1, (16, 19): 1, (15, 16): 1, (22, 24): 1}
69 	 1.10827122935 	 17 	 65.2698871354 	 {(17, 18): 1, (4, 9): 1, (11, 14): 1, (20, 22): 1, (12, 13): 1, (27, 28): 1, (10, 13): 1, (13, 16): 1, (9, 10): 1, (13, 17): 1, (10, 14): 1, (17, 22): 1, (19, 22): 1, (26, 27): 1, (16, 19): 1, (15, 16): 1, (22, 24): 1}
72 	 1.12083963175 	 18 	 69.4441113396 	 {(17, 18): 1, (20, 23): 1, (4, 9): 1, (11, 14): 1, (20, 22): 1, (12, 13): 1, (27, 28): 1, (10, 13): 1, (13, 16): 1, (9, 10): 1, (13, 17): 1, (10, 14): 1, (17, 22): 1, (19, 22): 1, (26, 27): 1, (16, 19): 1, (15, 16): 1, (22, 24): 1}
75 	 1.02610935382 	 14 	 53.8997091602 	 {(17, 19): 1, (4, 9): 1, (22, 29): 1, (5, 6): 1, (27, 28): 1, (10, 13): 1, (12, 13): 1, (13, 17): 1, (10, 14): 1, (11, 14): 1, (2, 5): 1, (23, 24): 1, (16, 19): 1, (23, 25): 1}
78 	 1.02610935382 	 14 	 53.8997091602 	 {(17, 19): 1, (4, 9): 1, (22, 29): 1, (5, 6): 1, (27, 28): 1, (10, 13): 1, (12, 13): 1, (13, 17): 1, (10, 14): 1, (11, 14): 1, (2, 5): 1, (23, 24): 1, (16, 19): 1, (23, 25): 1}
81 	 1.02610935382 	 14 	 53.8997091602 	 {(17, 19): 1, (4, 9): 1, (22, 29): 1, (5, 6): 1, (27, 28): 1, (10, 13): 1, (12, 13): 1, (13, 17): 1, (10, 14): 1, (11, 14): 1, (2, 5): 1, (23, 24): 1, (16, 19): 1, (23, 25): 1}
84 	 1.03285411187 	 15 	 57.2337099921 	 {(17, 19): 1, (4, 9): 1, (22, 29): 1, (5, 6): 1, (15, 16): 1, (10, 13): 1, (12, 13): 1, (27, 28): 1, (13, 17): 1, (10, 14): 1, (11, 14): 1, (2, 5): 1, (23, 24): 1, (16, 19): 1, (23, 25): 1}
87 	 1.23036672943 	 22 	 86.522261052 	 {(19, 22): 1, (8, 9): 1, (13, 17): 1, (11, 14): 1, (7, 11): 1, (22, 24): 1, (4, 9): 1, (12, 13): 1, (13, 16): 1, (27, 28): 1, (17, 19): 1, (21, 26): 1, (20, 22): 1, (10, 13): 1, (9, 10): 1, (17, 22): 1, (16, 19): 1, (17, 18): 1, (20, 23): 1, (26, 27): 1, (10, 14): 1, (15, 16): 1}
90 	 1.23036672943 	 22 	 86.522261052 	 {(19, 22): 1, (8, 9): 1, (13, 17): 1, (11, 14): 1, (7, 11): 1, (22, 24): 1, (4, 9): 1, (12, 13): 1, (13, 16): 1, (27, 28): 1, (17, 19): 1, (21, 26): 1, (20, 22): 1, (10, 13): 1, (9, 10): 1, (17, 22): 1, (16, 19): 1, (17, 18): 1, (20, 23): 1, (26, 27): 1, (10, 14): 1, (15, 16): 1}
93 	 1.23036672943 	 22 	 86.522261052 	 {(19, 22): 1, (8, 9): 1, (13, 17): 1, (11, 14): 1, (7, 11): 1, (22, 24): 1, (4, 9): 1, (12, 13): 1, (13, 16): 1, (27, 28): 1, (17, 19): 1, (21, 26): 1, (20, 22): 1, (10, 13): 1, (9, 10): 1, (17, 22): 1, (16, 19): 1, (17, 18): 1, (20, 23): 1, (26, 27): 1, (10, 14): 1, (15, 16): 1}
96 	 1.23820267873 	 23 	 90.988966931 	 {(19, 22): 1, (8, 9): 1, (13, 17): 1, (11, 14): 1, (7, 11): 1, (22, 24): 1, (4, 9): 1, (12, 13): 1, (13, 16): 1, (27, 28): 1, (23, 25): 1, (17, 19): 1, (21, 26): 1, (20, 22): 1, (10, 13): 1, (9, 10): 1, (17, 22): 1, (16, 19): 1, (17, 18): 1, (20, 23): 1, (26, 27): 1, (10, 14): 1, (15, 16): 1}
99 	 1.27640788488 	 24 	 94.2669192019 	 {(19, 22): 1, (8, 9): 1, (13, 17): 1, (11, 14): 1, (7, 11): 1, (22, 24): 1, (4, 9): 1, (12, 13): 1, (13, 16): 1, (27, 28): 1, (23, 25): 1, (17, 19): 1, (21, 26): 1, (20, 22): 1, (10, 13): 1, (9, 10): 1, (17, 22): 1, (16, 19): 1, (23, 24): 1, (17, 18): 1, (20, 23): 1, (26, 27): 1, (10, 14): 1, (15, 16): 1}
102 	 1.27640788488 	 24 	 94.2669192019 	 {(19, 22): 1, (8, 9): 1, (13, 17): 1, (11, 14): 1, (7, 11): 1, (22, 24): 1, (4, 9): 1, (12, 13): 1, (13, 16): 1, (27, 28): 1, (23, 25): 1, (17, 19): 1, (21, 26): 1, (20, 22): 1, (10, 13): 1, (9, 10): 1, (17, 22): 1, (16, 19): 1, (23, 24): 1, (17, 18): 1, (20, 23): 1, (26, 27): 1, (10, 14): 1, (15, 16): 1}
105 	 1.30071290523 	 25 	 98.7224058222 	 {(19, 22): 1, (8, 9): 1, (13, 17): 1, (11, 14): 1, (7, 11): 1, (22, 24): 1, (4, 9): 1, (12, 13): 1, (13, 16): 1, (27, 28): 1, (23, 25): 1, (17, 19): 1, (21, 26): 1, (20, 22): 1, (10, 13): 1, (1, 4): 1, (9, 10): 1, (17, 22): 1, (16, 19): 1, (23, 24): 1, (17, 18): 1, (20, 23): 1, (26, 27): 1, (10, 14): 1, (15, 16): 1}
108 	 1.30071290523 	 25 	 98.7224058222 	 {(19, 22): 1, (8, 9): 1, (13, 17): 1, (11, 14): 1, (7, 11): 1, (22, 24): 1, (4, 9): 1, (12, 13): 1, (13, 16): 1, (27, 28): 1, (23, 25): 1, (17, 19): 1, (21, 26): 1, (20, 22): 1, (10, 13): 1, (1, 4): 1, (9, 10): 1, (17, 22): 1, (16, 19): 1, (23, 24): 1, (17, 18): 1, (20, 23): 1, (26, 27): 1, (10, 14): 1, (15, 16): 1}
111 	 1.30071290523 	 25 	 98.7224058222 	 {(19, 22): 1, (8, 9): 1, (13, 17): 1, (11, 14): 1, (7, 11): 1, (22, 24): 1, (4, 9): 1, (12, 13): 1, (13, 16): 1, (27, 28): 1, (23, 25): 1, (17, 19): 1, (21, 26): 1, (20, 22): 1, (10, 13): 1, (1, 4): 1, (9, 10): 1, (17, 22): 1, (16, 19): 1, (23, 24): 1, (17, 18): 1, (20, 23): 1, (26, 27): 1, (10, 14): 1, (15, 16): 1}
114 	 1.30071290523 	 25 	 98.7224058222 	 {(19, 22): 1, (8, 9): 1, (13, 17): 1, (11, 14): 1, (7, 11): 1, (22, 24): 1, (4, 9): 1, (12, 13): 1, (13, 16): 1, (27, 28): 1, (23, 25): 1, (17, 19): 1, (21, 26): 1, (20, 22): 1, (10, 13): 1, (1, 4): 1, (9, 10): 1, (17, 22): 1, (16, 19): 1, (23, 24): 1, (17, 18): 1, (20, 23): 1, (26, 27): 1, (10, 14): 1, (15, 16): 1}
117 	 1.30071290523 	 25 	 98.7224058222 	 {(19, 22): 1, (8, 9): 1, (13, 17): 1, (11, 14): 1, (7, 11): 1, (22, 24): 1, (4, 9): 1, (12, 13): 1, (13, 16): 1, (27, 28): 1, (23, 25): 1, (17, 19): 1, (21, 26): 1, (20, 22): 1, (10, 13): 1, (1, 4): 1, (9, 10): 1, (17, 22): 1, (16, 19): 1, (23, 24): 1, (17, 18): 1, (20, 23): 1, (26, 27): 1, (10, 14): 1, (15, 16): 1}
120 	 1.30071290523 	 25 	 98.7224058222 	 {(19, 22): 1, (8, 9): 1, (13, 17): 1, (11, 14): 1, (7, 11): 1, (22, 24): 1, (4, 9): 1, (12, 13): 1, (13, 16): 1, (27, 28): 1, (23, 25): 1, (17, 19): 1, (21, 26): 1, (20, 22): 1, (10, 13): 1, (1, 4): 1, (9, 10): 1, (17, 22): 1, (16, 19): 1, (23, 24): 1, (17, 18): 1, (20, 23): 1, (26, 27): 1, (10, 14): 1, (15, 16): 1}
123 	 1.33849704966 	 26 	 102.462177223 	 {(19, 22): 1, (8, 9): 1, (13, 17): 1, (11, 14): 1, (7, 11): 1, (22, 24): 1, (4, 9): 1, (12, 13): 1, (13, 16): 1, (27, 28): 1, (23, 25): 1, (17, 19): 1, (21, 26): 1, (20, 22): 1, (10, 13): 1, (1, 4): 1, (9, 10): 1, (17, 22): 1, (16, 19): 1, (23, 24): 1, (17, 18): 1, (20, 23): 1, (26, 27): 1, (10, 14): 1, (19, 21): 1, (15, 16): 1}
126 	 1.34687115132 	 27 	 105.956404448 	 {(19, 22): 1, (8, 9): 1, (13, 17): 1, (11, 14): 1, (7, 11): 1, (2, 5): 1, (22, 24): 1, (4, 9): 1, (12, 13): 1, (13, 16): 1, (27, 28): 1, (23, 25): 1, (17, 19): 1, (21, 26): 1, (20, 22): 1, (10, 13): 1, (1, 4): 1, (9, 10): 1, (17, 22): 1, (16, 19): 1, (23, 24): 1, (17, 18): 1, (20, 23): 1, (26, 27): 1, (10, 14): 1, (19, 21): 1, (15, 16): 1}
129 	 1.46914854705 	 28 	 109.699099121 	 {(19, 22): 1, (8, 9): 1, (13, 17): 1, (11, 14): 1, (7, 11): 1, (2, 5): 1, (22, 24): 1, (4, 9): 1, (12, 13): 1, (13, 16): 1, (27, 28): 1, (23, 25): 1, (17, 19): 1, (21, 26): 1, (20, 22): 1, (10, 13): 1, (1, 4): 1, (9, 10): 1, (17, 22): 1, (16, 19): 1, (23, 24): 1, (17, 18): 1, (20, 23): 1, (26, 27): 1, (10, 14): 1, (19, 21): 1, (15, 16): 1, (9, 12): 1}
132 	 1.46914854705 	 28 	 109.699099121 	 {(19, 22): 1, (8, 9): 1, (13, 17): 1, (11, 14): 1, (7, 11): 1, (2, 5): 1, (22, 24): 1, (4, 9): 1, (12, 13): 1, (13, 16): 1, (27, 28): 1, (23, 25): 1, (17, 19): 1, (21, 26): 1, (20, 22): 1, (10, 13): 1, (1, 4): 1, (9, 10): 1, (17, 22): 1, (16, 19): 1, (23, 24): 1, (17, 18): 1, (20, 23): 1, (26, 27): 1, (10, 14): 1, (19, 21): 1, (15, 16): 1, (9, 12): 1}
135 	 1.46914854705 	 28 	 109.699099121 	 {(19, 22): 1, (8, 9): 1, (13, 17): 1, (11, 14): 1, (7, 11): 1, (2, 5): 1, (22, 24): 1, (4, 9): 1, (12, 13): 1, (13, 16): 1, (27, 28): 1, (23, 25): 1, (17, 19): 1, (21, 26): 1, (20, 22): 1, (10, 13): 1, (1, 4): 1, (9, 10): 1, (17, 22): 1, (16, 19): 1, (23, 24): 1, (17, 18): 1, (20, 23): 1, (26, 27): 1, (10, 14): 1, (19, 21): 1, (15, 16): 1, (9, 12): 1}
138 	 1.47564817882 	 29 	 112.229259049 	 {(19, 22): 1, (8, 9): 1, (13, 17): 1, (11, 14): 1, (7, 11): 1, (2, 5): 1, (22, 24): 1, (4, 9): 1, (12, 13): 1, (13, 16): 1, (27, 28): 1, (19, 21): 1, (17, 19): 1, (21, 26): 1, (20, 22): 1, (10, 13): 1, (1, 4): 1, (9, 10): 1, (17, 22): 1, (16, 19): 1, (23, 24): 1, (3, 5): 1, (17, 18): 1, (20, 23): 1, (26, 27): 1, (10, 14): 1, (23, 25): 1, (15, 16): 1, (9, 12): 1}
141 	 1.50448188067 	 30 	 116.639751329 	 {(19, 22): 1, (8, 9): 1, (13, 17): 1, (11, 14): 1, (7, 11): 1, (2, 5): 1, (22, 24): 1, (1, 2): 1, (4, 9): 1, (12, 13): 1, (13, 16): 1, (27, 28): 1, (19, 21): 1, (17, 19): 1, (21, 26): 1, (20, 22): 1, (10, 13): 1, (1, 4): 1, (9, 10): 1, (17, 22): 1, (16, 19): 1, (23, 24): 1, (3, 5): 1, (17, 18): 1, (20, 23): 1, (26, 27): 1, (10, 14): 1, (23, 25): 1, (15, 16): 1, (9, 12): 1}
144 	 1.50448188067 	 30 	 116.639751329 	 {(19, 22): 1, (8, 9): 1, (13, 17): 1, (11, 14): 1, (7, 11): 1, (2, 5): 1, (22, 24): 1, (1, 2): 1, (4, 9): 1, (12, 13): 1, (13, 16): 1, (27, 28): 1, (19, 21): 1, (17, 19): 1, (21, 26): 1, (20, 22): 1, (10, 13): 1, (1, 4): 1, (9, 10): 1, (17, 22): 1, (16, 19): 1, (23, 24): 1, (3, 5): 1, (17, 18): 1, (20, 23): 1, (26, 27): 1, (10, 14): 1, (23, 25): 1, (15, 16): 1, (9, 12): 1}
147 	 1.51167523352 	 27 	 107.507366989 	 {(5, 9): 1, (5, 6): 1, (8, 9): 1, (13, 17): 1, (19, 22): 1, (20, 22): 1, (1, 2): 1, (4, 9): 1, (12, 13): 1, (6, 10): 1, (13, 16): 1, (27, 28): 1, (18, 20): 1, (19, 21): 1, (17, 19): 1, (21, 26): 1, (22, 24): 1, (10, 13): 1, (1, 4): 1, (17, 22): 1, (16, 19): 1, (23, 24): 1, (17, 18): 1, (20, 23): 1, (26, 27): 1, (15, 16): 1, (9, 12): 1}
150 	 1.51167523352 	 27 	 107.507366989 	 {(5, 9): 1, (5, 6): 1, (8, 9): 1, (13, 17): 1, (19, 22): 1, (20, 22): 1, (1, 2): 1, (4, 9): 1, (12, 13): 1, (6, 10): 1, (13, 16): 1, (27, 28): 1, (18, 20): 1, (19, 21): 1, (17, 19): 1, (21, 26): 1, (22, 24): 1, (10, 13): 1, (1, 4): 1, (17, 22): 1, (16, 19): 1, (23, 24): 1, (17, 18): 1, (20, 23): 1, (26, 27): 1, (15, 16): 1, (9, 12): 1}
153 	 1.51167523352 	 27 	 107.507366989 	 {(5, 9): 1, (5, 6): 1, (8, 9): 1, (13, 17): 1, (19, 22): 1, (20, 22): 1, (1, 2): 1, (4, 9): 1, (12, 13): 1, (6, 10): 1, (13, 16): 1, (27, 28): 1, (18, 20): 1, (19, 21): 1, (17, 19): 1, (21, 26): 1, (22, 24): 1, (10, 13): 1, (1, 4): 1, (17, 22): 1, (16, 19): 1, (23, 24): 1, (17, 18): 1, (20, 23): 1, (26, 27): 1, (15, 16): 1, (9, 12): 1}
156 	 1.52681667472 	 30 	 115.826073623 	 {(5, 6): 1, (8, 9): 1, (13, 17): 1, (7, 11): 1, (2, 5): 1, (1, 2): 1, (4, 9): 1, (12, 13): 1, (6, 10): 1, (13, 16): 1, (27, 28): 1, (19, 21): 1, (17, 19): 1, (21, 26): 1, (6, 11): 1, (10, 13): 1, (1, 4): 1, (9, 10): 1, (17, 22): 1, (16, 19): 1, (23, 24): 1, (3, 5): 1, (17, 18): 1, (20, 23): 1, (26, 27): 1, (10, 14): 1, (23, 25): 1, (15, 16): 1, (9, 12): 1, (22, 30): 1}
159 	 1.55369111357 	 31 	 119.376379463 	 {(5, 9): 1, (5, 6): 1, (8, 9): 1, (13, 17): 1, (7, 11): 1, (2, 5): 1, (1, 2): 1, (4, 9): 1, (12, 13): 1, (6, 10): 1, (13, 16): 1, (27, 28): 1, (19, 21): 1, (17, 19): 1, (21, 26): 1, (6, 11): 1, (10, 13): 1, (1, 4): 1, (9, 10): 1, (17, 22): 1, (16, 19): 1, (23, 24): 1, (3, 5): 1, (17, 18): 1, (20, 23): 1, (26, 27): 1, (10, 14): 1, (23, 25): 1, (15, 16): 1, (9, 12): 1, (22, 30): 1}
162 	 1.55369111357 	 31 	 119.376379463 	 {(5, 9): 1, (5, 6): 1, (8, 9): 1, (13, 17): 1, (7, 11): 1, (2, 5): 1, (1, 2): 1, (4, 9): 1, (12, 13): 1, (6, 10): 1, (13, 16): 1, (27, 28): 1, (19, 21): 1, (17, 19): 1, (21, 26): 1, (6, 11): 1, (10, 13): 1, (1, 4): 1, (9, 10): 1, (17, 22): 1, (16, 19): 1, (23, 24): 1, (3, 5): 1, (17, 18): 1, (20, 23): 1, (26, 27): 1, (10, 14): 1, (23, 25): 1, (15, 16): 1, (9, 12): 1, (22, 30): 1}
165 	 1.55369111357 	 31 	 119.376379463 	 {(5, 9): 1, (5, 6): 1, (8, 9): 1, (13, 17): 1, (7, 11): 1, (2, 5): 1, (1, 2): 1, (4, 9): 1, (12, 13): 1, (6, 10): 1, (13, 16): 1, (27, 28): 1, (19, 21): 1, (17, 19): 1, (21, 26): 1, (6, 11): 1, (10, 13): 1, (1, 4): 1, (9, 10): 1, (17, 22): 1, (16, 19): 1, (23, 24): 1, (3, 5): 1, (17, 18): 1, (20, 23): 1, (26, 27): 1, (10, 14): 1, (23, 25): 1, (15, 16): 1, (9, 12): 1, (22, 30): 1}
168 	 1.56513104145 	 32 	 123.839720298 	 {(5, 9): 1, (5, 6): 1, (8, 9): 1, (13, 17): 1, (7, 11): 1, (2, 5): 1, (1, 2): 1, (4, 9): 1, (12, 13): 1, (6, 10): 1, (13, 16): 1, (27, 28): 1, (19, 21): 1, (17, 19): 1, (21, 26): 1, (6, 11): 1, (10, 13): 1, (1, 4): 1, (9, 10): 1, (17, 22): 1, (22, 29): 1, (16, 19): 1, (23, 24): 1, (3, 5): 1, (17, 18): 1, (20, 23): 1, (26, 27): 1, (10, 14): 1, (23, 25): 1, (15, 16): 1, (9, 12): 1, (22, 30): 1}
171 	 1.56513104145 	 32 	 123.839720298 	 {(5, 9): 1, (5, 6): 1, (8, 9): 1, (13, 17): 1, (7, 11): 1, (2, 5): 1, (1, 2): 1, (4, 9): 1, (12, 13): 1, (6, 10): 1, (13, 16): 1, (27, 28): 1, (19, 21): 1, (17, 19): 1, (21, 26): 1, (6, 11): 1, (10, 13): 1, (1, 4): 1, (9, 10): 1, (17, 22): 1, (22, 29): 1, (16, 19): 1, (23, 24): 1, (3, 5): 1, (17, 18): 1, (20, 23): 1, (26, 27): 1, (10, 14): 1, (23, 25): 1, (15, 16): 1, (9, 12): 1, (22, 30): 1}
174 	 1.56513104145 	 32 	 123.839720298 	 {(5, 9): 1, (5, 6): 1, (8, 9): 1, (13, 17): 1, (7, 11): 1, (2, 5): 1, (1, 2): 1, (4, 9): 1, (12, 13): 1, (6, 10): 1, (13, 16): 1, (27, 28): 1, (19, 21): 1, (17, 19): 1, (21, 26): 1, (6, 11): 1, (10, 13): 1, (1, 4): 1, (9, 10): 1, (17, 22): 1, (22, 29): 1, (16, 19): 1, (23, 24): 1, (3, 5): 1, (17, 18): 1, (20, 23): 1, (26, 27): 1, (10, 14): 1, (23, 25): 1, (15, 16): 1, (9, 12): 1, (22, 30): 1}
177 	 1.66444109054 	 35 	 135.335960286 	 {(5, 9): 1, (19, 22): 1, (5, 6): 1, (8, 9): 1, (13, 17): 1, (11, 14): 1, (7, 11): 1, (2, 5): 1, (22, 24): 1, (1, 2): 1, (4, 9): 1, (12, 13): 1, (6, 10): 1, (13, 16): 1, (19, 21): 1, (17, 19): 1, (21, 26): 1, (20, 22): 1, (6, 11): 1, (10, 13): 1, (1, 4): 1, (9, 10): 1, (17, 22): 1, (22, 29): 1, (16, 19): 1, (23, 24): 1, (3, 5): 1, (17, 18): 1, (20, 23): 1, (26, 27): 1, (10, 14): 1, (23, 25): 1, (15, 16): 1, (9, 12): 1, (22, 30): 1}
180 	 1.69073968343 	 36 	 141.2029037 	 {(5, 9): 1, (19, 22): 1, (5, 6): 1, (8, 9): 1, (13, 17): 1, (11, 14): 1, (7, 11): 1, (2, 5): 1, (20, 22): 1, (1, 2): 1, (4, 9): 1, (12, 13): 1, (6, 10): 1, (13, 16): 1, (27, 28): 1, (18, 20): 1, (19, 21): 1, (17, 19): 1, (21, 26): 1, (22, 24): 1, (6, 11): 1, (10, 13): 1, (1, 4): 1, (9, 10): 1, (17, 22): 1, (22, 29): 1, (16, 19): 1, (23, 24): 1, (3, 5): 1, (17, 18): 1, (20, 23): 1, (26, 27): 1, (10, 14): 1, (23, 25): 1, (15, 16): 1, (9, 12): 1}
183 	 1.69073968343 	 36 	 141.2029037 	 {(5, 9): 1, (19, 22): 1, (5, 6): 1, (8, 9): 1, (13, 17): 1, (11, 14): 1, (7, 11): 1, (2, 5): 1, (20, 22): 1, (1, 2): 1, (4, 9): 1, (12, 13): 1, (6, 10): 1, (13, 16): 1, (27, 28): 1, (18, 20): 1, (19, 21): 1, (17, 19): 1, (21, 26): 1, (22, 24): 1, (6, 11): 1, (10, 13): 1, (1, 4): 1, (9, 10): 1, (17, 22): 1, (22, 29): 1, (16, 19): 1, (23, 24): 1, (3, 5): 1, (17, 18): 1, (20, 23): 1, (26, 27): 1, (10, 14): 1, (23, 25): 1, (15, 16): 1, (9, 12): 1}
186 	 1.69073968343 	 36 	 141.2029037 	 {(5, 9): 1, (19, 22): 1, (5, 6): 1, (8, 9): 1, (13, 17): 1, (11, 14): 1, (7, 11): 1, (2, 5): 1, (20, 22): 1, (1, 2): 1, (4, 9): 1, (12, 13): 1, (6, 10): 1, (13, 16): 1, (27, 28): 1, (18, 20): 1, (19, 21): 1, (17, 19): 1, (21, 26): 1, (22, 24): 1, (6, 11): 1, (10, 13): 1, (1, 4): 1, (9, 10): 1, (17, 22): 1, (22, 29): 1, (16, 19): 1, (23, 24): 1, (3, 5): 1, (17, 18): 1, (20, 23): 1, (26, 27): 1, (10, 14): 1, (23, 25): 1, (15, 16): 1, (9, 12): 1}
189 	 1.70263154494 	 37 	 144.636303801 	 {(5, 9): 1, (19, 22): 1, (5, 6): 1, (8, 9): 1, (13, 17): 1, (11, 14): 1, (7, 11): 1, (2, 5): 1, (20, 22): 1, (1, 2): 1, (4, 9): 1, (12, 13): 1, (6, 10): 1, (13, 16): 1, (27, 28): 1, (18, 20): 1, (19, 21): 1, (17, 19): 1, (21, 26): 1, (22, 24): 1, (6, 11): 1, (10, 13): 1, (1, 4): 1, (9, 10): 1, (17, 22): 1, (22, 29): 1, (16, 19): 1, (23, 24): 1, (3, 5): 1, (17, 18): 1, (20, 23): 1, (26, 27): 1, (10, 14): 1, (23, 25): 1, (15, 16): 1, (9, 12): 1, (22, 30): 1}
